 -42.8612 -42.8538 -48.9521 -37.2365
 -42.8733 -35.7171 -48.1163 -27.278
 -42.8419 -28.5776 -47.3433 -17.6152
 -42.8386 -21.4258 -46.5908 -8.31527
 -42.8662 -14.2839 -45.8644 0.739543
 -42.8537 -7.15434 -45.1573 9.49647
 -42.8974 0.0054137 -44.4512 18.0119
 -42.8891 7.13909 -43.7912 26.2555
 -42.8891 14.3009 -43.1549 34.2661
 -42.8904 21.4471 -42.5164 42.0297
 -42.9104 28.5851 -41.9128 49.5644
 -42.9052 35.7681 -41.3101 56.9201
 -42.9055 42.9077 -40.7419 64.0592
 -35.7164 -42.874 -38.6603 -36.4692
 -35.7156 -35.73 -38.0201 -26.9111
 -35.7188 -28.5587 -37.4259 -17.6291
 -35.7202 -21.4531 -36.8619 -8.65511
 -35.7222 -14.3215 -36.3047 0.0721486
 -35.7427 -7.167 -35.7333 8.54034
 -35.7722 0.00207292 -35.2363 16.7634
 -35.7883 7.1504 -34.6998 24.7956
 -35.7975 14.3087 -34.1985 32.5727
 -35.8046 21.5024 -33.7054 40.1086
 -35.8054 28.6409 -33.239 47.4589
 -35.8204 35.828 -32.7885 54.5954
 -35.7963 42.9946 -32.3259 61.5259
 -28.5719 -42.8657 -29.1154 -35.7791
 -28.5667 -35.6976 -28.6618 -26.567
 -28.5853 -28.5696 -28.243 -17.6412
 -28.6071 -21.4503 -27.7966 -8.98551
 -28.5807 -14.3105 -27.386 -0.542862
 -28.6148 -7.159 -26.9498 7.66723
 -28.6852 -0.00762648 -26.5542 15.7093
 -28.7448 7.17325 -26.1263 23.5062
 -28.7514 14.3808 -25.7485 31.1278
 -28.7998 21.5925 -25.3868 38.4668
 -28.8079 28.7742 -25.0284 45.6602
 -28.791 35.9946 -24.6897 52.6092
 -28.7815 43.1814 -24.3819 59.387
 -21.4309 -42.8412 -20.2646 -35.1063
 -21.4403 -35.716 -19.9504 -26.2343
 -21.4201 -28.5728 -19.6534 -17.6327
 -21.464 -21.4639 -19.3619 -9.2537
 -21.4932 -14.3249 -19.0462 -1.09406
 -21.5622 -7.18687 -18.7156 6.9227
 -21.6513 -0.0123018 -18.2843 14.816
 -21.7373 7.25517 -17.9121 22.5336
 -21.7976 14.5518 -17.5709 30.0513
 -21.8557 21.8413 -17.3041 37.3105
 -21.8556 29.1693 -17.0711 44.4001
 -21.883 36.4443 -16.8152 51.2543
 -21.868 43.7502 -16.5869 57.9118
 -14.285 -42.8416 -12.0131 -34.5123
 -14.2871 -35.7214 -11.8377 -25.9719
 -14.2951 -28.5905 -11.6499 -17.6194
 -14.3195 -21.4825 -11.449 -9.51828
 -14.3784 -14.3825 -11.1676 -1.57606
 -14.4795 -7.24606 -10.7429 6.30139
 -14.6442 -0.00616114 -10.1552 14.2211
 -14.8409 7.4133 -9.57474 22.1119
 -14.947 14.9381 -9.16497 29.7765
 -15.0105 22.5271 -8.92739 37.1234
 -15.0307 30.0748 -8.74138 44.1923
 -15.0538 37.6274 -8.61572 51.0651
 -15.0525 45.14 -8.50339 57.7202
 -7.13243 -42.8618 -4.33865 -33.9512
 -7.12791 -35.7514 -4.24735 -25.6761
 -7.14534 -28.6281 -4.11582 -17.6343
 -7.16983 -21.5521 -3.92279 -9.75974
 -7.24972 -14.4909 -3.53756 -1.97242
 -7.37713 -7.36543 -2.75995 5.91595
 -7.58137 0.0232773 -1.55427 14.1784
 -7.80386 7.78777 -0.333616 22.6475
 -7.96022 15.8988 0.475148 30.8686
 -8.0404 24.0642 0.851468 38.6329
 -8.04334 32.2253 1.02009 45.9968
 -8.07936 40.3317 1.04727 53.0866
 -8.07587 48.4226 1.06643 59.9241
 0.00865049 -42.8781 2.87618 -33.4475
 -0.00686673 -35.7833 2.87943 -25.4373
 0.00896773 -28.6813 2.9605 -17.6388
 0.00191572 -21.6571 3.20494 -9.96418
 -0.000951378 -14.664 3.92885 -2.28427
 0.00816122 -7.56547 5.44021 5.77697
 0.00680469 -0.0086629 7.99124 14.7124
 -0.000724201 8.47191 10.6696 24.252
 0.00943848 17.6345 12.485 33.6147
 0.0141276 26.9131 13.2474 42.2432
 -0.0078726 36.1936 13.4687 50.2517
 -0.00440536 45.3853 13.4123 57.8198
 -0.0175257 54.5031 13.2787 65.1013
 7.15025 -42.8832 9.6227 -32.9423
 7.17408 -35.7901 9.57378 -25.2064
 7.1878 -28.7344 9.63087 -17.6388
 7.24341 -21.7432 9.99871 -10.1772
 7.41737 -14.8361 11.0608 -2.59911
 7.80455 -7.81199 13.5275 5.6557
 8.45194 -0.012208 17.7876 15.211
 9.26079 9.26968 22.6027 26.0242
 9.83495 19.7125 25.8958 36.6945
 10.1892 30.5402 27.3491 46.3306
 10.3101 41.265 27.6877 55.1154
 10.3691 51.8545 27.5658 63.26
 10.4035 62.3466 27.2385 71.0118
 14.2862 -42.8984 15.9637 -32.4753
 14.3364 -35.8106 15.8592 -24.9701
 14.3836 -28.7644 15.9094 -17.6386
 14.5442 -21.8101 16.3074 -10.3683
 14.9669 -14.9559 17.6823 -2.93398
 15.9028 -7.9378 20.9119 5.28448
 17.6156 -0.0035747 26.6452 15.1852
 19.7454 9.88473 33.2693 26.6475
 21.4044 21.4068 37.9503 38.1309
 22.312 33.4651 40.0068 48.4143
 22.7114 45.4025 40.506 57.6184
 22.8472 57.1458 40.2725 66.0704
 22.9218 68.7458 39.802 74.0731
 21.4548 -42.8945 21.9251 -32.0261
 21.4737 -35.8227 21.7528 -24.7567
 21.5891 -28.7972 21.7849 -17.6295
 21.8688 -21.8588 22.2538 -10.5667
 22.5217 -15.0149 23.7625 -3.32059
 24.0627 -8.03482 27.4411 4.7596
 26.9229 -0.00908092 34.081 14.61
 30.5494 10.1886 41.8252 26.1641
 33.4607 22.3015 47.3685 37.7332
 35.0604 35.0711 49.8222 48.1033
 35.776 47.6917 50.3555 57.3373
 36.0215 60.0678 50.0978 65.8082
 36.159 72.3018 49.4957 73.8066
 28.6072 -42.8901 27.5287 -31.6428
 28.6426 -35.8153 27.3332 -24.5567
 28.7883 -28.7864 27.3369 -17.6175
 29.1522 -21.8548 27.7698 -10.7588
 30.0834 -15.0431 29.3848 -3.73082
 32.2342 -8.05563 33.3464 4.16534
 36.1991 -0.00747507 40.4768 13.7633
 41.2588 10.331 48.8792 25.0394
 45.3935 22.7066 54.8345 36.3571
 47.6947 35.7839 57.4458 46.5176
 48.695 48.6806 57.9943 55.5706
 49.0884 61.3754 57.6619 63.8878
 49.2543 73.8726 56.9756 71.7403
 35.7456 -42.9036 32.8366 -31.2457
 35.8179 -35.813 32.5775 -24.3442
 35.9961 -28.7834 32.5259 -17.6356
 36.451 -21.882 32.9908 -10.9582
 37.6151 -15.0481 34.642 -4.10855
 40.3235 -8.0779 38.7804 3.54181
 45.3742 -0.00301219 46.2024 12.8498
 51.8347 10.3903 54.9441 23.7458
 57.1312 22.8675 61.1044 34.682
 60.0673 36.0418 63.7981 44.527
 61.3721 49.0964 64.3602 53.2706
 61.8745 61.8874 63.9686 61.3738
 62.0776 74.4946 63.2394 69.0075
 42.8999 -42.9069 37.883 -30.8601
 42.9807 -35.8315 37.5548 -24.1919
 43.1818 -28.7784 37.4872 -17.6473
 43.7385 -21.875 37.9193 -11.1131
 45.1552 -15.0384 39.6042 -4.45727
 48.4254 -8.07288 43.8537 2.96019
 54.4937 -0.00234174 51.5139 11.9503
 62.3298 10.3981 60.409 22.4646
 68.7418 22.9266 66.7024 32.9598
 72.31 36.1479 69.4011 42.4391
 73.8664 49.2389 69.9601 50.9237
 74.4826 62.0727 69.5604 58.7715
 74.735 74.7145 68.7758 66.2005
