 -45.7225 -41.9499 -49.6588 -37.1768
 -42.245 -34.762 -46.7039 -28.2088
 -41.923 -28.8129 -47.4259 -18.5558
 -42.0014 -22.2332 -47.3447 -8.62324
 -43.7238 -14.8709 -45.4781 0.641848
 -42.8203 -4.49471 -45.6169 8.82272
 -42.9219 1.3274 -44.9026 18.2815
 -42.4424 7.87518 -44.0054 26.5001
 -41.5961 14.2716 -43.7524 34.5636
 -42.8745 22.1629 -42.0428 41.6546
 -42.3272 28.204 -40.1921 50.3311
 -40.9846 35.3024 -42.3862 55.7655
 -43.5442 41.7268 -40.0087 64.2356
 -36.8888 -43.6533 -38.2433 -38.1198
 -38.1305 -35.4973 -38.0735 -27.0626
 -35.8333 -28.5649 -38.0027 -17.6967
 -37.8044 -20.9297 -37.5449 -7.41775
 -36.0525 -15.3143 -34.4368 -2.25534
 -35.557 -6.56348 -34.728 8.06285
 -35.2292 -0.242388 -33.5323 17.86
 -36.4033 8.07898 -34.1306 24.3956
 -37.3826 15.8143 -34.7873 33.4576
 -33.6645 22.7034 -32.128 40.2969
 -37.7833 29.4512 -31.3734 47.1579
 -36.5135 37.1351 -32.548 55.822
 -36.3337 41.7614 -31.4467 62.292
 -28.0315 -44.2908 -29.1416 -37.2724
 -29.9298 -35.9202 -27.6596 -26.6648
 -30.3271 -28.9558 -28.2033 -17.4544
 -26.2685 -22.1084 -28.1756 -9.32499
 -28.9962 -15.271 -29.0883 -1.19679
 -28.3203 -4.31272 -27.4099 8.42479
 -27.3202 -0.389811 -25.8851 14.0548
 -30.3352 7.48993 -26.1002 24.2628
 -28.5226 15.606 -26.4248 32.1706
 -28.4402 21.3464 -25.2815 37.8255
 -27.9939 28.4365 -25.5729 45.2173
 -27.249 35.4695 -22.7784 53.188
 -28.3622 46.2478 -22.9334 58.3077
 -21.8365 -42.4624 -20.275 -35.4946
 -21.276 -33.8709 -19.992 -26.7093
 -18.6846 -28.7338 -20.0515 -17.3071
 -21.4222 -19.366 -17.3525 -9.197
 -21.5766 -15.7201 -15.6182 -2.44484
 -21.851 -8.73111 -17.7688 7.79127
 -21.177 -0.78186 -18.2791 14.0896
 -21.7099 7.20325 -15.676 22.3469
 -22.8731 17.2264 -19.3879 29.9152
 -23.7827 22.2649 -19.7662 38.5569
 -21.4582 28.2915 -19.4773 44.7909
 -21.4902 37.6365 -18.1129 52.0003
 -21.7514 42.2546 -17.1369 58.0339
 -14.1767 -43.487 -12.7983 -34.4493
 -14.5631 -36.7198 -11.3538 -28.9021
 -13.7001 -29.5305 -12.0223 -17.985
 -13.4907 -20.7294 -11.5553 -10.0706
 -13.081 -13.0483 -10.8253 -1.70177
 -13.1693 -9.05459 -9.60888 5.1219
 -13.9063 0.303078 -10.5691 13.5885
 -15.6731 7.65051 -9.65117 22.739
 -15.4793 13.5475 -10.1651 30.0968
 -16.4325 21.4769 -9.16738 37.2359
 -15.2968 28.3347 -9.39832 42.848
 -16.1225 40.4756 -9.22258 51.449
 -15.976 46.3877 -7.8172 57.4071
 -7.4807 -41.7759 -4.69938 -33.7763
 -6.99027 -36.9337 -2.82411 -26.3083
 -8.0974 -28.0223 -3.98985 -16.754
 -6.43158 -22.0031 -3.98621 -11.2189
 -8.74485 -14.9132 -2.30241 -2.87146
 -7.409 -6.49492 -2.26945 5.47744
 -8.68366 0.12428 -1.89437 14.2024
 -9.06061 8.42047 -1.1492 23.7157
 -7.20797 16.0994 0.119529 31.0373
 -6.05531 23.6715 0.620417 38.7931
 -8.1011 30.6717 0.201118 44.9257
 -7.99942 40.3975 1.03139 53.4187
 -8.81795 50.958 1.16549 60.3756
 0.710469 -42.1697 2.76096 -32.0997
 0.309195 -35.0856 2.31409 -24.967
 0.854545 -29.1007 1.76801 -16.8343
 -1.22876 -21.0359 3.76615 -11.5666
 -1.2355 -14.4701 4.11901 -2.21778
 0.378183 -7.35447 6.3532 5.43114
 -0.579875 -0.537346 7.50168 14.1894
 -2.83429 5.43084 11.7218 24.945
 -0.429057 19.656 11.079 33.7858
 1.32668 28.4278 12.0296 42.0629
 -0.688926 37.1817 13.8359 48.7197
 -0.267568 45.0529 13.6085 58.2371
 1.13722 54.4119 13.7835 65.8633
 5.86053 -42.7346 10.5529 -32.8885
 7.55678 -35.3138 9.35177 -25.5036
 7.08381 -27.7734 10.736 -15.8676
 7.49428 -20.0957 10.0286 -10.7467
 7.40532 -15.2857 10.611 -3.03771
 7.1985 -7.07292 12.1375 4.72565
 9.98475 0.674138 17.9665 14.713
 9.12153 9.66779 22.2161 26.6946
 8.94413 20.5142 24.6905 37.4338
 9.64268 32.2127 27.1286 45.9676
 9.84609 41.3262 29.6073 54.5838
 11.9587 52.1262 27.2303 65.0923
 11.4653 62.2972 26.3824 70.6128
 13.8409 -43.1138 15.3737 -32.6892
 15.9588 -36.7598 16.1918 -24.9344
 13.8527 -29.5605 15.8909 -19.4425
 15.3567 -23.2344 16.5242 -9.90952
 16.1001 -14.4883 16.1405 -2.8688
 16.0589 -7.26864 21.3803 5.8355
 16.8358 -0.6375 26.2169 14.136
 18.2348 11.7176 33.3592 24.899
 22.1918 20.605 37.1573 40.4277
 22.4491 34.6619 39.5546 48.2144
 23.0426 45.6475 40.2576 56.0307
 21.4045 58.823 40.1556 64.8325
 23.3308 67.7814 41.4777 75.2973
 21.1613 -43.7874 21.8225 -34.0598
 19.639 -34.8866 21.8005 -27.2047
 19.2106 -27.0802 21.7117 -17.3083
 21.4863 -20.1368 21.6809 -11.3026
 23.6865 -12.8855 25.2121 -3.18847
 24.346 -8.04681 29.4359 5.71401
 27.7624 -1.14491 33.6898 13.2875
 29.5153 9.54409 42.3908 27.5374
 34.5866 21.5865 46.7813 37.9669
 33.5377 33.9302 50.3406 48.6152
 35.9832 46.6775 51.3428 57.6075
 37.3009 59.815 51.6626 66.3484
 36.7022 72.2463 49.7471 73.1449
 26.9926 -42.7709 27.3842 -31.6603
 27.8764 -35.6958 27.3208 -25.139
 29.1679 -29.5064 28.6707 -17.9973
 29.4811 -21.8476 30.9233 -11.9273
 31.2611 -17.081 29.6994 -4.57367
 33.0196 -8.46895 34.765 4.25257
 35.1654 -0.32322 39.9482 14.1478
 41.941 10.248 49.5407 23.1007
 45.3202 22.3702 56.0564 35.8803
 47.6851 34.8052 58.6352 47.0179
 48.7152 49.5335 58.3093 54.1002
 49.3867 61.0327 58.6411 64.4657
 48.0207 74.0155 57.2881 72.1351
 35.0462 -42.951 32.7935 -32.0493
 36.1659 -34.5689 32.4418 -25.0732
 36.4918 -29.3961 31.4348 -18.4877
 35.6002 -22.9944 31.6785 -9.73437
 36.4585 -13.7087 33.5873 -3.78722
 42.3128 -6.69212 37.546 2.98097
 43.8915 -0.929271 46.6604 13.5069
 51.3463 10.0757 57.3484 23.3816
 56.3747 24.5355 61.051 34.4792
 60.2394 35.9515 64.7078 44.4821
 61.2414 49.3486 63.2247 52.1289
 61.4072 62.7841 64.1147 59.8635
 63.0294 74.8539 63.3823 67.7904
 42.5494 -43.5571 38.6096 -30.5699
 44.04 -36.7315 37.5647 -25.283
 42.8527 -28.7983 37.7235 -19.1291
 45.9114 -20.5505 37.853 -10.5049
 44.8919 -14.2 39.8836 -4.67179
 48.7503 -7.14039 44.0801 2.53353
 54.4311 -0.383669 52.0888 12.0569
 62.9446 11.8632 62.5449 23.3447
 68.7996 23.596 66.6777 33.144
 71.9393 36.1999 70.2444 42.6347
 75.0676 50.124 70.2601 49.9717
 75.2267 64.6519 69.9778 59.428
 75.1334 73.9082 69.4456 67.6007
