-0.08438  -0.59063
-0.23750  -0.46875
-0.35938  -0.35000
-0.46563  -0.25625
-0.09063  -0.44063
-0.25000  -0.33438
-0.38125  -0.21563
-0.48750  -0.13125
-0.10625  -0.28125
-0.26875  -0.16563
-0.40938  -0.05313
-0.51875   0.03125
-0.10938  -0.07813
-0.28125   0.02500
-0.43750   0.12812
-0.55313   0.21875
 0.06875   0.03125
-0.09063   0.13437
-0.24375   0.22500
-0.35625   0.29062
 0.25000   0.12500
 0.07187   0.22812
-0.06875   0.29375
-0.19063   0.35625
 0.37813   0.20625
 0.20312   0.28438
 0.04375   0.35625
-0.08438   0.39688
 0.35000   0.02500
 0.22500  -0.05625
 0.08437  -0.15625
 0.32500  -0.13125
 0.21875  -0.21250
 0.07500  -0.32813
 0.30625  -0.25938
 0.20625  -0.34375
 0.07187  -0.45313

