 217 423 203 409
 217 406 205 385
 217 389 206 362
 217 371 208 340
 217 354 210 318
 217 337 212 297
 217 320 213 277
 217 303 215 257
 217 286 216 238
 217 269 218 219
 217 251 219 201
 217 234 221 183
 217 217 222 166
 234 423 227 408
 234 406 229 385
 234 389 230 362
 234 371 232 341
 234 354 233 320
 234 337 234 300
 234 320 235 280
 234 303 237 260
 234 286 238 242
 234 268 239 224
 234 251 240 206
 234 234 241 189
 234 217 242 172
 251 423 250 406
 251 406 251 384
 251 389 252 362
 251 371 253 342
 251 354 254 321
 251 337 255 302
 251 320 256 282
 251 303 257 264
 251 285 258 245
 251 268 259 228
 251 251 260 210
 251 234 261 194
 251 216 261 177
 269 423 271 404
 269 406 272 383
 269 389 273 362
 268 372 274 342
 268 354 274 323
 268 337 275 303
 268 320 276 284
 268 303 277 266
 268 285 278 248
 268 268 278 230
 268 250 279 213
 267 233 280 197
 268 215 280 181
 286 423 291 403
 286 406 292 382
 286 389 292 362
 286 372 293 343
 285 355 293 324
 285 337 294 305
 285 320 296 286
 284 302 297 267
 284 284 298 249
 284 266 299 231
 284 248 299 214
 284 230 299 197
 284 212 300 181
 303 423 310 401
 303 406 310 382
 303 389 310 362
 303 372 311 343
 303 355 312 325
 302 338 313 306
 302 320 316 286
 301 301 319 266
 301 282 321 246
 301 262 322 227
 301 243 322 210
 301 223 323 193
 301 204 323 176
 320 423 327 400
 320 406 327 381
 320 389 327 362
 320 372 328 344
 320 355 329 325
 320 338 333 306
 320 320 339 285
 320 300 346 262
 320 278 350 239
 320 255 352 219
 320 233 352 199
 320 211 352 181
 320 189 352 164
 337 423 343 399
 337 406 343 380
 337 389 343 362
 337 372 344 344
 338 356 347 326
 339 339 352 306
 340 320 363 283
 342 298 374 258
 344 273 382 232
 344 247 386 209
 345 221 386 188
 345 196 386 168
 345 170 385 150
 354 423 358 398
 354 406 358 380
 355 389 358 362
 355 372 359 345
 356 356 362 327
 358 339 370 307
 362 320 384 284
 367 296 400 256
 371 269 411 228
 374 240 416 204
 375 211 417 182
 375 183 417 161
 375 155 416 142
 371 423 373 397
 372 406 372 379
 372 389 372 362
 372 372 373 345
 374 356 377 328
 378 339 386 309
 385 320 402 285
 393 296 420 257
 400 266 434 229
 404 236 440 205
 406 206 441 182
 406 176 440 162
 407 146 439 143
 389 423 386 396
 389 406 386 379
 389 389 386 362
 390 372 387 346
 392 356 391 329
 397 339 400 310
 407 320 417 287
 419 295 437 260
 429 266 452 233
 434 234 458 208
 437 203 459 187
 438 173 458 167
 438 143 457 148
 406 423 399 395
 406 406 398 378
 406 389 398 362
 407 373 399 346
 410 356 403 330
 417 339 413 311
 429 320 431 289
 444 295 452 263
 457 265 467 237
 464 233 473 213
 467 202 474 192
 468 171 474 173
 469 141 472 154
 423 423 411 394
 423 406 410 378
 424 389 410 362
 425 372 411 347
 428 356 415 331
 436 339 425 313
 451 320 444 291
 470 295 465 266
 485 265 480 241
 494 233 487 218
 497 202 488 198
 499 171 487 179
 499 141 485 161
