2844.314823 0.000000 0.000000
0.000000 2844.314823 0.000000
0.000000 0.000000 1.000000
3954.029100 0.000000 0.000000
0.000000 3954.029100 0.000000
0.000000 0.000000 1.000000
4788.783848 0.000000 0.000000
0.000000 4788.783848 0.000000
0.000000 0.000000 1.000000
3800.888174 0.000000 0.000000
0.000000 3800.888174 0.000000
0.000000 0.000000 1.000000
2201.613992 0.000000 0.000000
0.000000 2201.613992 0.000000
0.000000 0.000000 1.000000
2656.245035 0.000000 0.000000
0.000000 2656.245035 0.000000
0.000000 0.000000 1.000000
2588.623526 0.000000 0.000000
0.000000 2588.623526 0.000000
0.000000 0.000000 1.000000
3019.352145 0.000000 0.000000
0.000000 3019.352145 0.000000
0.000000 0.000000 1.000000
4167.481695 0.000000 0.000000
0.000000 4167.481695 0.000000
0.000000 0.000000 1.000000
4572.971922 0.000000 0.000000
0.000000 4572.971922 0.000000
0.000000 0.000000 1.000000
2683.729088 0.000000 0.000000
0.000000 2683.729088 0.000000
0.000000 0.000000 1.000000
4343.651494 0.000000 0.000000
0.000000 4343.651494 0.000000
0.000000 0.000000 1.000000
3474.313141 0.000000 0.000000
0.000000 3474.313141 0.000000
0.000000 0.000000 1.000000
12324.809007 0.000000 0.000000
0.000000 12324.809007 0.000000
0.000000 0.000000 1.000000
1362.215995 0.000000 0.000000
0.000000 1362.215995 0.000000
0.000000 0.000000 1.000000
2247.512689 0.000000 0.000000
0.000000 2247.512689 0.000000
0.000000 0.000000 1.000000
2193.217231 0.000000 0.000000
0.000000 2193.217231 0.000000
0.000000 0.000000 1.000000
6918.094045 0.000000 0.000000
0.000000 6918.094045 0.000000
0.000000 0.000000 1.000000
2783.325204 0.000000 0.000000
0.000000 2783.325204 0.000000
0.000000 0.000000 1.000000
2977.474804 0.000000 0.000000
0.000000 2977.474804 0.000000
0.000000 0.000000 1.000000
2381.805687 0.000000 0.000000
0.000000 2381.805687 0.000000
0.000000 0.000000 1.000000
