0.004821999051434962 -0.0023279995380571764 -0.9999841970628689 -0.0017129996580252961 -0.008204000000828255 0.00041799999820850935 -0.10139100000209271
0.25516892024987636 0.008623004437631929 -0.9661193948203763 -0.03778598794382566 -0.46893104630897753 0.10998200598356225 -0.9049240868692913
0.2989129808224752 -0.0038639998478941086 -0.954272087865831 0.0009390000988442733 -0.8803830246040059 -0.10646299913905183 1.1935370333214768
0.30473102383139306 0.004696998562557471 -0.9519298910409534 -0.03076400269686689 -0.7700329716932802 0.11651599886762273 -0.986617964318215
0.09719699491799405 0.006866998992986669 0.9933210557104518 -0.06179699657762645 -0.4287920011314868 0.016016999699140663 1.0778520031243715
0.022153002011846792 0.08231202873174599 0.9917876420108671 -0.09534803397265923 0.00981701575754692 0.09448900145932958 0.6974049906604799
0.17758497242445034 0.026589998835452287 -0.9826891730312494 -0.0455909940459421 -0.1114560022821207 0.15380200701901744 -1.0818540239781016
0.1531990475960757 -0.012518998942462285 -0.986957661142727 0.047832014308535134 -0.632952978547145 0.0030689936407735543 1.2675619573628227
0.14958198263271755 -0.000540999507742689 -0.9886761256679539 -0.012018998519100921 0.1139470011928731 0.0257519999708828 -0.392813004303646
0.2846191120813409 -0.016252997418856007 -0.958030475722951 0.030090009953273555 -0.7028668848909861 -0.11725903676093564 2.1277996722443935
0.27533094787683354 0.013664007170286551 -0.9581522536377552 -0.07713898429578518 -0.6323500338909701 -0.31758201044387746 1.2658770942049273
0.22463893949939204 -0.014954999414928427 -0.974062321306381 0.022721995165746595 -1.0557650673886785 -0.14076298419903127 1.9800791208332966
0.33727794258613186 0.02165400571883544 -0.9393222577563689 -0.05872299008626978 -0.18323000475568618 -0.5235630281669924 2.0282802113782417
0.3049289974412039 0.0019379999277726544 -0.9523210116520902 0.009961999885652354 -0.5745030022202133 -0.07272100006587498 1.3445190051636517
0.02028699662486379 0.003534999029021584 -0.9983551725181624 0.05350599084250223 -0.8508720002135052 0.0012079999900758936 0.12497800028101738
0.21379208063679045 0.006362006674214077 0.976514554909477 -0.025919011902759283 -0.8786159341400289 -0.08058599744715443 0.5414539581084775
0.05752598650140083 -0.023249996567887354 -0.9959402307829216 0.06521698586023929 -0.5228510043262006 0.03522200256298148 0.9871580068104423
0.45319185721503785 -0.009064009791960707 -0.8910276744495772 0.02458999075750785 -0.6109112730178091 -0.053593976372575305 1.3456195943932245
0.32480596982177606 0.0009299990235791571 -0.9456961350180763 0.012610998446756698 -0.4616830237952311 -0.221315000605957 2.0689011030579145
0.14955707603484328 0.013362006814782976 0.9886604498606988 -0.0021570032523146395 -0.5703709725792636 0.028751999575166894 -0.04859199768477984
0.3251010155764355 0.010911999366387566 -0.9452269302388017 -0.02713500124063927 -0.4772109890782821 -0.38717399639297484 2.0420389471027973
