 -42.8594 -42.8465 -50.1501 -52.0628
 -42.858 -35.7112 -49.4016 -43.0698
 -42.8609 -28.5765 -48.7068 -34.3451
 -42.8596 -21.4285 -48.0242 -25.8721
 -42.8638 -14.2972 -47.3343 -17.629
 -42.8747 -7.13517 -46.7007 -9.59115
 -42.8752 0.000541566 -46.0772 -1.82192
 -42.8846 7.16719 -45.455 5.78159
 -42.8987 14.2868 -44.8567 13.1854
 -42.892 21.4448 -44.2698 20.3932
 -42.8923 28.619 -43.6974 27.412
 -42.9127 35.7577 -43.1551 34.2481
 -42.905 42.9006 -42.605 40.9344
 -35.733 -42.8628 -41.0148 -50.8821
 -35.7008 -35.7118 -40.426 -42.2165
 -35.7138 -28.5807 -39.8749 -33.7974
 -35.7126 -21.4429 -39.3336 -25.6038
 -35.7424 -14.2972 -38.8098 -17.6259
 -35.726 -7.14373 -38.2909 -9.83979
 -35.7841 -0.00331092 -37.7783 -2.31596
 -35.7905 7.16465 -37.2816 5.07385
 -35.8069 14.2992 -36.7751 12.3041
 -35.8126 21.4978 -36.328 19.316
 -35.8284 28.6484 -35.8741 26.1492
 -35.8179 35.8153 -35.4395 32.8174
 -35.8194 42.9823 -35.0096 39.3037
 -28.5661 -42.8424 -32.4787 -49.7797
 -28.5753 -35.7349 -32.037 -41.4251
 -28.5825 -28.5821 -31.6105 -33.2761
 -28.5817 -21.439 -31.1664 -25.3552
 -28.5914 -14.2939 -30.7935 -17.6329
 -28.6324 -7.16204 -30.355 -10.105
 -28.6846 -0.00908058 -29.9435 -2.73843
 -28.7195 7.19129 -29.5226 4.48325
 -28.7721 14.384 -29.1504 11.5275
 -28.7822 21.5975 -28.7822 18.3618
 -28.778 28.7921 -28.4499 25.0444
 -28.777 35.9719 -28.0991 31.5657
 -28.7963 43.1995 -27.762 37.924
 -21.4346 -42.855 -24.5074 -48.7548
 -21.4329 -35.7175 -24.1954 -40.6674
 -21.436 -28.5728 -23.8653 -32.8001
 -21.443 -21.4527 -23.5373 -25.1195
 -21.478 -14.3206 -23.212 -17.6289
 -21.5528 -7.18675 -22.8599 -10.2777
 -21.6311 -0.00231601 -22.4431 -3.07916
 -21.7664 7.24576 -22.0953 4.00103
 -21.8311 14.5421 -21.7476 10.9386
 -21.8545 21.8639 -21.4586 17.6948
 -21.8597 29.1492 -21.1783 24.2906
 -21.8916 36.4456 -20.9344 30.7059
 -21.8751 43.759 -20.6893 36.9561
 -14.2803 -42.8755 -16.9926 -47.8075
 -14.3005 -35.7177 -16.7773 -39.9798
 -14.3058 -28.5792 -16.5705 -32.3358
 -14.3165 -21.4812 -16.3183 -24.8891
 -14.3758 -14.3714 -15.9923 -17.631
 -14.476 -7.24086 -15.6205 -10.4741
 -14.6574 0.00438318 -15.103 -3.31438
 -14.843 7.41926 -14.5665 3.79283
 -14.9617 14.956 -14.1579 10.7742
 -15.0095 22.5292 -13.9054 17.5709
 -15.0494 30.0825 -13.7028 24.1793
 -15.0466 37.6096 -13.5039 30.5802
 -15.0481 45.1619 -13.3472 36.8167
 -7.14589 -42.864 -9.96956 -46.888
 -7.129 -35.7574 -9.83561 -39.32
 -7.14777 -28.6462 -9.65843 -31.9355
 -7.21163 -21.5593 -9.44195 -24.7267
 -7.24508 -14.4655 -9.05809 -17.6269
 -7.37331 -7.3643 -8.35693 -10.5699
 -7.57386 0.00866239 -7.35607 -3.33185
 -7.79325 7.79504 -6.30952 4.03629
 -7.93097 15.9001 -5.5862 11.3922
 -8.04261 24.0701 -5.22997 18.4386
 -8.04727 32.2157 -5.04179 25.2618
 -8.06074 40.3179 -4.93157 31.854
 -8.06561 48.417 -4.83018 38.2827
 0.0179347 -42.8759 -3.31953 -46.0555
 0.0254081 -35.7687 -3.24426 -38.712
 -0.00391886 -28.6805 -3.14152 -31.5369
 -0.0127538 -21.6419 -2.84929 -24.553
 -0.00575695 -14.6638 -2.2148 -17.6232
 -0.00187377 -7.57177 -0.952958 -10.6047
 -0.00517117 -0.00466463 1.10851 -3.11694
 -0.007418 8.47267 3.29765 4.83276
 0.00564046 17.6132 4.79724 12.8429
 -0.0131556 26.9264 5.47798 20.519
 0.00703403 36.1879 5.72302 27.822
 0.00179796 45.3762 5.77085 34.8337
 -0.0352201 54.4836 5.73403 41.6257
 7.16424 -42.9006 2.92463 -45.2542
 7.16991 -35.797 2.95239 -38.1411
 7.15753 -28.7236 3.07535 -31.1784
 7.24388 -21.7515 3.43824 -24.3618
 7.41065 -14.8359 4.34701 -17.6363
 7.80716 -7.80215 6.37539 -10.6456
 8.47969 -0.0100539 9.81781 -2.915
 9.26681 9.28127 13.6239 5.68456
 9.86515 19.7376 16.2833 14.4598
 10.1716 30.5403 17.483 22.8234
 10.3207 41.2607 17.8322 30.6961
 10.3707 51.8566 17.8366 38.1846
 10.3872 62.3347 17.6635 45.3662
 14.272 -42.9033 8.86254 -44.499
 14.3152 -35.8102 8.81264 -37.551
 14.3816 -28.7712 8.91515 -30.844
 14.5396 -21.8158 9.33565 -24.2134
 14.9516 -14.9659 10.4869 -17.6519
 15.9106 -7.94413 13.1368 -10.7356
 17.5998 -0.0119337 17.7405 -2.92204
 19.7409 9.86744 22.9951 5.99655
 21.3961 21.3616 26.6927 15.2015
 22.3137 33.4492 28.3774 23.9795
 22.691 45.4112 28.8351 32.1713
 22.8297 57.1458 28.7565 39.909
 22.9252 68.7322 28.4703 47.316
 21.471 -42.8901 14.4712 -43.7588
 21.4727 -35.8275 14.3749 -37.06
 21.588 -28.7847 14.4405 -30.4696
 21.8482 -21.8582 14.8784 -24.0473
 22.53 -15.0191 16.1818 -17.6168
 24.0759 -8.02013 19.2068 -10.8711
 26.9378 -0.00250766 24.5443 -3.15239
 30.5429 10.1878 30.7343 5.73259
 33.4488 22.3032 35.1147 15.0002
 35.0659 35.0599 37.058 23.8165
 35.7558 47.6984 37.5735 32.0246
 36.0265 60.0745 37.4496 39.7469
 36.15 72.2947 37.0795 47.1541
 28.5858 -42.9044 19.77 -43.1049
 28.6586 -35.8131 19.6569 -36.5326
 28.7886 -28.8095 19.6713 -30.1574
 29.1489 -21.8668 20.1142 -23.8916
 30.0807 -15.0376 21.4874 -17.6476
 32.2281 -8.07027 24.7621 -11.0473
 36.1717 0.00958102 30.56 -3.50126
 41.2604 10.3329 37.2712 5.21168
 45.4093 22.6856 41.978 14.2837
 47.6864 35.765 44.0971 22.9429
 48.703 48.6954 44.6334 30.9608
 49.0983 61.3786 44.4339 38.5608
 49.2458 73.8849 43.9979 45.8227
 35.7474 -42.8998 24.8187 -42.4528
 35.816 -35.8237 24.6317 -36.0762
 35.9953 -28.7801 24.6324 -29.8423
 36.4265 -21.8622 25.0498 -23.7401
 37.612 -15.0466 26.4729 -17.6352
 40.317 -8.05867 29.9043 -11.2078
 45.3673 0.00622862 35.9896 -3.87338
 51.8721 10.3685 43.005 4.60016
 57.1396 22.8545 47.9222 13.41
 60.0715 36.0337 50.1442 21.803
 61.3711 49.0838 50.6172 29.6354
 61.8692 61.8735 50.3944 37.0273
 62.0697 74.4701 49.903 44.1163
 42.9031 -42.8931 29.5839 -41.8185
 42.9971 -35.8014 29.39 -35.6296
 43.1797 -28.8003 29.3551 -29.5421
 43.7455 -21.8565 29.7719 -23.5913
 45.1486 -15.064 31.2121 -17.6339
 48.422 -8.06255 34.7411 -11.3821
 54.5231 -0.00487369 41.0444 -4.24697
 62.3622 10.3933 48.2621 3.97129
 68.7367 22.9102 53.3059 12.5008
 72.2922 36.1469 55.5185 20.6075
 73.8866 49.2476 56.0325 28.2272
 74.4844 62.0889 55.7443 35.423
 74.7131 74.7246 55.2069 42.2976
