0.504340 0.500666 0.475523 -0.518510 0.166402 -0.979718 0.998861 
0.547592 0.540187 0.430101 -0.472604 0.166402 -0.979718 0.998861 
0.586726 0.575641 0.381347 -0.423042 0.166402 -0.979718 0.998861 
0.621347 0.606673 0.329752 -0.370324 0.166402 -0.979718 0.998861 
0.651357 0.633190 0.275424 -0.314556 0.166402 -0.979718 0.998861 
0.676346 0.654830 0.219056 -0.256452 0.166402 -0.979718 0.998861 
0.696113 0.671422 0.161186 -0.196566 0.166402 -0.979718 0.998861 
0.710557 0.682886 0.102251 -0.135352 0.166402 -0.979718 0.998861 
0.719654 0.689201 0.042309 -0.072871 0.166402 -0.979718 0.998861 
0.723261 0.690276 -0.017536 -0.010274 0.166402 -0.979718 0.998861 
0.721424 0.686150 -0.077374 0.052532 0.166402 -0.979718 0.998861 
0.714086 0.676779 -0.136964 0.115294 0.166402 -0.979718 0.998861 
0.701191 0.662123 -0.195911 0.177604 0.166402 -0.979718 0.998861 
0.683135 0.642626 -0.252626 0.237778 0.166402 -0.979718 0.998861 
0.659945 0.618301 -0.307396 0.296116 0.166402 -0.979718 0.998861 
0.631594 0.589125 -0.360166 0.352563 0.166402 -0.979718 0.998861 
0.598382 0.555411 -0.410252 0.406387 0.166402 -0.979718 0.998861 
0.560659 0.517515 -0.457129 0.457027 0.166402 -0.979718 0.998861 
0.518576 0.475588 -0.500604 0.504272 0.166402 -0.979718 0.998861 
0.472608 0.430104 -0.540184 0.547589 0.166402 -0.979718 0.998861 
0.423093 0.381396 -0.575608 0.586689 0.166402 -0.979718 0.998861 
0.370362 0.329789 -0.606652 0.621324 0.166402 -0.979718 0.998861 
0.314762 0.275624 -0.633103 0.651258 0.166402 -0.979718 0.998861 
0.256727 0.219322 -0.654741 0.676242 0.166402 -0.979718 0.998861 
0.196740 0.161354 -0.671381 0.696064 0.166402 -0.979718 0.998861 
0.135090 0.101999 -0.682923 0.710607 0.166402 -0.979718 0.998861 
0.072561 0.042012 -0.689219 0.719685 0.166402 -0.979718 0.998861 
0.009654 -0.018128 -0.690261 0.723269 0.166402 -0.979718 0.998861 
-0.053104 -0.077918 -0.686088 0.721382 0.166402 -0.979718 0.998861 
-0.115489 -0.137148 -0.676741 0.714055 0.166402 -0.979718 0.998861 
-0.176594 -0.194957 -0.662405 0.701446 0.166402 -0.979718 0.998861 
-0.236617 -0.251533 -0.643055 0.683538 0.166402 -0.979718 0.998861 
-0.294974 -0.306325 -0.618832 0.660456 0.166402 -0.979718 0.998861 
-0.351230 -0.358923 -0.589884 0.632336 0.166402 -0.979718 0.998861 
-0.404579 -0.408573 -0.556648 0.599606 0.166402 -0.979718 0.998861 
-0.454998 -0.455256 -0.519163 0.562307 0.166402 -0.979718 0.998861 
