84.00	160.00	89.00	161.00	90.00	161.00	94.00	165.00	97.00	166.00	99.00	165.00	98.00	162.00	103.00	161.00	110.00	163.00	111.00	169.00	103.00	174.00	100.00	183.00	103.00	182.00	103.00	180.00	106.00	177.00	114.00	178.00	127.00	179.00	132.00	178.00	132.00	174.00	123.00	171.00	123.00	170.00	124.00	174.00	
127.00	38.00	132.00	38.00	130.00	39.00	132.00	43.00	133.00	43.00	132.00	42.00	127.00	38.00	132.00	37.00	136.00	38.00	133.00	42.00	122.00	46.00	116.00	53.00	115.00	52.00	113.00	51.00	113.00	49.00	118.00	51.00	128.00	53.00	130.00	52.00	125.00	49.00	113.00	47.00	110.00	45.00	110.00	50.00	
137.00	29.00	140.00	27.00	140.00	30.00	140.00	33.00	143.00	34.00	142.00	33.00	137.00	29.00	143.00	29.00	147.00	29.00	144.00	33.00	133.00	37.00	127.00	44.00	126.00	43.00	124.00	41.00	124.00	39.00	129.00	41.00	139.00	43.00	141.00	42.00	136.00	39.00	124.00	36.00	121.00	35.00	121.00	39.00	
47.00	177.00	53.00	177.00	55.00	178.00	59.00	182.00	64.00	181.00	66.00	182.00	65.00	180.00	71.00	178.00	79.00	183.00	81.00	189.00	74.00	196.00	71.00	205.00	76.00	206.00	78.00	204.00	82.00	202.00	92.00	203.00	107.00	204.00	114.00	203.00	115.00	200.00	107.00	198.00	110.00	196.00	111.00	201.00	
68.00	186.00	75.00	185.00	77.00	187.00	82.00	192.00	86.00	192.00	89.00	191.00	89.00	188.00	94.00	188.00	104.00	190.00	107.00	198.00	100.00	203.00	98.00	212.00	103.00	212.00	105.00	210.00	109.00	207.00	119.00	208.00	134.00	208.00	140.00	207.00	143.00	202.00	135.00	199.00	136.00	197.00	138.00	202.00	
198.00	101.00	203.00	100.00	202.00	99.00	203.00	103.00	205.00	102.00	204.00	100.00	201.00	95.00	205.00	95.00	210.00	93.00	209.00	96.00	199.00	99.00	193.00	104.00	193.00	102.00	191.00	99.00	191.00	96.00	195.00	96.00	204.00	96.00	206.00	94.00	201.00	88.00	189.00	85.00	186.00	81.00	184.89	86.19	
94.00	118.00	98.00	117.00	97.00	119.00	98.00	123.00	99.00	123.00	100.00	121.00	95.00	119.00	99.00	117.00	103.00	119.00	101.00	124.00	91.00	129.00	86.00	136.00	86.00	137.00	85.00	135.00	85.00	134.00	91.00	135.00	101.00	137.00	105.00	136.00	103.00	134.00	91.00	131.00	90.00	130.00	89.00	134.00	
145.00	94.00	149.00	93.00	148.00	93.00	150.00	97.00	151.00	96.00	150.00	94.00	146.00	91.00	150.00	90.00	155.00	90.00	152.00	94.00	142.00	97.00	136.00	103.00	135.00	102.00	134.00	100.00	133.00	98.00	138.00	99.00	148.00	100.00	150.00	99.00	146.00	95.00	133.00	92.00	131.00	89.00	130.00	93.00	
76.00	127.00	81.00	126.00	81.00	128.00	83.00	131.00	85.00	132.00	85.00	130.00	82.00	128.00	86.00	127.00	91.00	129.00	89.00	135.00	79.00	140.00	74.00	148.00	75.00	149.00	74.00	148.00	75.00	146.00	82.00	147.00	93.00	149.00	97.00	148.00	95.00	146.00	84.00	144.00	84.00	143.00	83.00	147.00	
14.00	140.00	18.00	140.00	19.00	143.00	20.16	148.29	24.00	149.00	25.00	149.00	22.00	148.00	27.00	147.00	32.00	151.00	31.00	159.00	21.00	167.00	16.00	177.00	18.00	179.00	19.00	179.00	22.00	178.00	30.00	180.00	45.00	183.00	49.00	183.00	49.00	184.00	40.00	183.00	41.00	183.00	42.00	188.00	
157.00	89.00	161.00	88.00	160.00	88.00	162.00	92.00	163.00	92.00	162.00	90.00	158.00	85.00	163.00	85.00	167.00	85.00	165.00	88.00	155.00	92.00	149.00	98.00	149.00	97.00	146.00	94.00	146.00	92.00	151.00	93.00	161.00	94.00	163.00	93.00	158.00	88.00	146.00	85.00	144.00	83.00	143.00	87.00	
189.00	77.00	193.00	76.00	192.00	75.00	194.00	80.00	195.00	79.00	194.00	77.00	191.00	73.00	196.00	72.00	201.00	71.00	199.00	75.00	189.00	77.00	183.00	83.00	183.00	81.00	181.00	79.00	181.00	76.00	185.00	76.00	195.00	77.00	197.00	75.00	192.00	70.00	179.00	66.00	176.00	64.00	176.00	68.00	
165.00	100.00	169.00	99.00	168.00	99.00	169.00	103.00	171.00	102.00	170.00	100.00	166.00	95.00	171.00	95.00	175.00	94.00	173.00	98.00	163.00	101.00	157.00	107.00	157.00	105.00	155.00	103.00	155.00	100.00	159.00	100.00	169.00	101.00	171.00	100.00	167.00	95.00	154.00	92.00	152.00	89.00	151.00	93.00	
67.00	138.00	71.00	138.00	71.00	140.00	74.00	144.00	76.00	145.00	77.00	144.00	74.00	142.00	79.00	140.00	85.00	142.00	84.00	149.00	74.00	155.00	70.00	163.00	72.00	164.00	72.00	163.00	75.00	161.00	82.00	162.00	95.00	164.00	99.00	163.00	98.00	161.00	89.00	159.00	88.00	158.00	89.00	162.00	
84.00	135.00	89.00	134.00	89.00	135.00	91.00	139.00	93.00	139.00	94.00	138.00	91.00	135.00	95.00	134.00	101.00	136.00	100.00	142.00	90.00	147.00	85.00	155.00	87.00	155.00	87.00	154.00	88.00	152.00	95.00	153.00	107.00	155.00	111.00	154.00	109.00	152.00	99.00	150.00	99.00	148.00	98.00	153.00	
187.00	97.00	192.00	97.00	191.00	96.00	192.00	100.00	194.00	99.00	193.00	97.00	189.00	92.00	194.00	92.00	199.00	91.00	197.00	94.00	187.00	97.00	181.00	102.00	181.00	100.00	180.00	98.00	179.00	95.00	184.00	95.00	193.00	95.00	195.00	94.00	190.00	88.00	178.00	85.00	175.00	82.00	174.00	86.00	
180.00	128.00	185.00	127.00	184.00	126.00	185.00	129.00	186.00	128.00	185.00	125.00	181.00	120.00	184.00	119.00	190.00	119.00	188.00	121.00	177.00	123.00	172.00	129.00	172.00	127.00	170.00	124.00	170.00	122.00	173.00	121.00	182.00	121.00	185.00	119.00	181.00	113.00	169.07	110.08	166.00	107.00	164.00	110.00	
273.00	202.00	278.00	200.00	279.00	196.00	281.00	199.00	283.00	197.00	284.00	192.00	282.00	185.00	287.00	186.00	296.00	182.00	297.00	182.00	288.00	183.00	284.00	186.00	287.00	181.00	285.00	175.00	285.00	169.00	290.00	166.00	301.00	164.00	302.00	160.00	297.00	149.00	283.00	142.00	281.31	137.14	279.00	140.00	
158.00	34.00	163.00	34.00	161.00	34.00	163.00	39.00	164.00	39.00	163.00	37.00	159.00	33.00	165.00	33.00	169.00	33.00	167.00	37.00	156.00	40.00	150.00	46.00	149.00	45.00	147.00	43.00	147.00	41.00	152.00	43.00	162.00	44.00	164.00	43.00	159.00	39.00	147.00	36.00	144.00	34.00	144.00	39.00	
136.00	61.00	141.00	62.00	140.00	63.00	142.00	67.00	143.00	67.00	142.00	65.00	138.00	62.00	143.00	61.00	147.00	61.00	144.00	65.00	133.00	69.00	127.00	75.00	126.00	74.00	124.00	73.00	124.00	71.00	129.00	72.00	139.00	74.00	141.00	73.00	136.00	69.00	124.00	66.00	122.00	65.00	121.00	69.00	
128.00	70.00	133.00	70.00	131.00	70.00	132.00	74.00	133.00	74.00	133.00	73.00	128.00	69.00	133.00	68.00	137.00	69.00	134.00	73.00	123.00	77.00	116.00	83.00	116.00	83.00	114.00	81.00	114.00	79.00	118.00	81.00	128.00	83.00	131.00	82.00	126.00	79.00	114.00	76.00	111.00	74.00	111.00	79.00	
181.00	29.00	186.00	28.00	184.00	28.00	186.00	34.00	187.40	33.21	187.00	32.00	183.00	28.00	189.00	28.00	194.00	27.00	190.67	30.19	180.00	33.00	173.83	39.44	174.00	37.00	172.00	35.00	172.00	33.00	176.21	34.98	186.00	35.00	188.86	34.05	183.00	29.00	170.00	26.00	167.00	24.00	168.00	29.00	
75.00	146.00	80.00	145.00	81.00	147.00	84.00	151.00	86.00	151.00	87.00	150.00	85.00	147.00	90.00	146.00	96.00	148.00	96.00	155.00	86.00	160.00	82.00	169.00	84.00	169.00	85.00	168.00	86.00	166.00	94.00	168.00	107.00	169.00	111.00	169.00	111.00	166.00	101.00	164.00	102.00	163.00	102.00	167.00	
199.00	90.00	203.00	89.00	202.00	88.00	204.00	92.00	206.00	92.00	205.00	90.00	201.00	84.00	206.00	84.00	211.00	83.00	210.00	86.00	199.00	88.00	194.00	94.00	194.00	92.00	192.00	89.00	191.00	86.00	195.00	86.00	205.00	86.00	207.00	85.00	202.00	79.00	189.00	75.00	186.00	72.00	184.00	85.00	
168.00	48.00	173.00	48.00	171.00	48.00	173.00	53.00	174.00	52.00	174.00	51.00	170.00	47.00	175.00	46.00	180.00	46.00	178.00	50.00	167.00	53.00	161.00	59.00	161.00	57.00	159.00	55.00	159.00	53.00	163.00	54.00	173.00	55.00	175.00	54.00	170.00	50.00	158.00	47.00	155.00	44.00	155.00	49.00	
206.00	113.00	211.00	112.00	210.00	110.00	212.00	114.00	213.00	113.00	212.00	110.00	209.00	105.00	213.00	105.00	219.00	103.00	217.00	106.00	207.00	108.00	201.00	113.00	202.00	110.00	199.00	107.00	199.00	104.00	203.00	103.00	212.00	103.00	214.00	102.00	209.00	95.00	196.00	91.00	193.00	88.00	192.00	91.00	
81.00	117.00	86.00	116.00	85.00	117.00	87.00	121.00	88.00	121.00	87.00	120.00	83.00	117.00	87.00	116.00	91.00	117.00	89.00	123.00	79.00	128.00	73.00	135.00	74.00	136.00	73.00	134.00	73.00	133.00	79.00	134.00	90.00	136.00	94.00	135.00	91.00	133.00	79.00	131.00	78.00	130.00	77.00	134.00	
178.00	63.00	183.00	62.00	181.00	62.00	183.00	66.00	185.00	66.00	184.00	64.00	180.00	60.00	186.00	60.00	190.00	59.00	188.00	62.00	178.00	65.00	172.00	71.00	172.00	70.00	170.00	67.00	170.00	65.00	174.00	66.00	184.00	66.00	186.00	65.00	181.00	60.00	169.00	57.00	166.00	54.00	166.00	59.00	
190.00	54.00	194.00	53.00	193.00	53.00	195.00	58.00	197.00	57.00	196.00	56.00	192.00	51.00	198.00	51.00	203.00	50.00	201.00	53.00	190.00	56.00	185.00	62.00	184.00	60.00	182.00	57.00	182.00	55.00	187.00	56.00	196.00	56.00	198.00	55.00	193.00	50.00	181.00	47.00	178.00	44.00	177.00	48.00	
239.00	222.00	245.00	220.00	247.00	217.00	250.00	220.00	255.00	218.00	256.00	214.00	256.00	207.00	261.00	207.00	273.00	206.00	276.00	207.00	268.00	207.00	267.00	212.00	271.00	207.00	270.00	201.00	271.00	196.00	278.00	193.00	291.00	191.00	292.00	186.00	290.00	175.00	278.00	168.00	277.00	163.00	276.00	166.00	
47.00	136.00	52.00	136.00	52.00	138.00	54.00	142.00	56.00	143.00	57.00	142.00	54.00	140.00	58.00	139.00	64.00	142.00	63.00	149.00	52.00	155.00	47.00	164.00	49.00	166.00	49.00	165.00	52.00	164.00	59.00	165.00	72.00	168.00	76.00	167.00	75.00	165.00	64.00	163.00	64.00	163.00	65.00	167.00	
125.00	116.00	129.00	115.00	128.00	116.00	130.00	119.00	131.00	119.00	130.00	117.00	126.00	113.00	130.00	112.00	134.00	113.00	132.00	117.00	122.00	121.00	116.00	128.00	116.00	127.00	114.00	125.00	114.00	123.00	118.00	123.00	129.00	125.00	131.00	124.00	128.00	120.00	116.00	118.00	114.00	116.00	112.00	120.00	
115.00	182.00	121.00	181.00	123.00	182.00	127.00	186.00	131.00	185.00	134.00	184.00	133.00	180.00	139.00	180.00	147.00	181.00	150.00	186.00	143.00	190.00	141.00	197.00	145.00	196.00	146.00	193.00	150.00	190.00	158.00	190.00	172.00	190.00	177.00	187.00	177.00	181.00	167.85	177.45	168.00	175.00	170.00	178.00	
50.00	145.00	55.00	145.00	56.00	147.00	59.00	151.00	62.00	152.00	63.00	151.00	61.00	150.00	65.00	149.00	72.00	152.00	71.00	159.00	62.00	165.00	58.00	174.00	61.00	175.00	61.00	174.00	64.00	172.00	72.00	174.00	86.00	176.00	91.00	176.00	91.00	174.00	82.00	172.00	82.00	171.00	83.00	176.00	
100.00	38.00	104.00	37.00	102.00	39.00	103.00	43.00	104.00	43.00	102.00	42.00	98.00	39.00	103.00	37.00	105.00	38.00	101.00	43.00	90.00	47.00	83.00	54.00	81.00	55.00	79.00	53.00	79.00	52.00	84.00	54.00	94.00	57.00	96.00	56.00	91.00	54.00	79.00	52.00	75.00	51.00	76.00	55.00	
208.00	91.00	213.00	90.00	212.00	89.00	213.00	93.00	215.00	92.00	214.00	90.00	211.00	85.00	216.00	85.00	221.00	83.00	219.00	86.00	209.00	88.00	203.00	93.00	203.00	91.00	201.00	88.00	201.00	85.00	205.00	85.00	214.00	85.00	216.00	83.00	211.00	77.00	198.00	73.00	195.00	70.00	194.00	74.00	
55.00	91.00	58.00	90.00	57.00	92.00	58.00	95.00	57.00	95.00	56.00	94.00	51.00	92.00	53.00	90.00	56.00	93.00	51.00	99.00	39.00	104.00	31.00	112.00	31.00	114.00	28.00	113.00	29.00	111.00	34.00	113.00	44.00	116.00	46.00	116.00	42.00	116.00	29.00	114.00	27.00	115.00	26.00	119.00	
45.00	93.00	49.00	92.00	47.00	94.00	48.00	98.00	47.00	98.00	49.00	96.00	41.00	95.00	46.00	92.00	49.00	95.00	42.00	103.00	33.20	108.07	25.00	116.00	23.00	118.00	21.00	118.00	21.00	117.00	27.00	119.00	37.00	122.00	39.00	123.00	35.00	123.00	22.00	122.00	19.00	123.00	18.00	127.00	
62.00	156.00	67.00	156.00	69.00	157.00	72.00	162.00	75.00	162.00	77.00	161.00	75.00	159.00	80.00	158.00	87.00	160.00	87.00	167.00	78.00	173.00	75.00	182.00	78.00	182.00	79.00	181.00	82.00	178.00	90.00	180.00	104.00	182.00	109.00	181.00	111.00	178.00	101.00	175.00	102.00	174.00	104.00	178.00	
91.00	134.00	95.00	133.00	95.00	135.00	98.00	138.00	100.00	138.00	100.00	137.00	97.00	135.00	101.00	133.00	107.00	135.00	106.00	141.00	96.86	146.70	93.00	153.00	93.00	154.00	94.00	152.00	95.70	149.91	100.84	151.31	112.38	153.90	117.00	152.00	116.00	149.00	106.00	146.00	105.27	144.90	104.45	149.18	
158.00	215.00	164.00	215.00	167.00	214.00	172.00	218.00	177.00	216.00	180.00	214.00	181.00	209.00	187.00	209.00	198.00	209.00	202.00	213.00	197.00	216.00	196.00	222.00	201.00	219.00	202.00	215.00	205.00	210.00	214.00	208.00	228.00	207.00	233.00	204.00	233.00	195.00	223.00	189.00	223.00	185.00	224.00	189.00	
159.00	143.00	164.00	142.00	165.00	141.00	166.00	145.00	169.00	144.00	169.00	142.00	166.00	137.00	171.00	136.00	177.00	136.00	177.00	139.00	168.00	142.00	163.00	148.00	164.00	147.00	163.00	144.00	163.00	141.00	169.00	140.00	180.00	141.00	183.00	139.00	180.00	133.00	169.00	129.00	167.00	126.00	166.00	130.00	
40.00	173.00	46.00	173.00	48.00	175.00	52.00	180.00	56.00	181.00	59.00	180.00	58.00	179.00	63.00	178.00	72.00	181.00	73.00	190.00	64.00	198.00	61.00	208.00	65.00	210.00	68.00	208.00	72.00	206.00	82.00	208.00	97.00	209.00	104.00	209.00	106.00	206.00	99.00	203.00	101.00	203.00	103.00	207.00	
179.00	51.00	184.00	51.00	182.00	50.00	184.00	55.00	186.00	55.00	185.00	53.00	181.00	49.00	187.00	49.00	191.00	48.00	189.00	51.00	178.00	54.00	173.00	60.00	172.00	58.00	170.00	56.00	170.00	54.00	175.00	55.00	185.00	56.00	187.00	55.00	182.00	50.00	169.00	47.00	166.00	44.00	166.00	49.00	
107.00	111.00	111.00	110.00	111.00	111.00	112.00	115.00	113.00	114.00	112.00	113.00	109.00	109.00	112.00	108.00	116.00	109.00	114.00	114.00	104.00	118.00	97.00	125.00	97.00	125.00	95.00	123.00	95.00	121.00	100.00	122.00	109.00	125.00	112.00	124.00	109.00	121.00	97.00	119.00	95.00	117.00	94.00	121.00	
87.00	36.00	90.00	35.00	88.00	36.00	89.00	41.00	89.00	40.00	88.00	39.00	82.00	36.00	87.00	35.00	89.00	36.00	85.00	41.00	72.00	45.00	65.00	53.00	63.00	53.00	60.00	52.00	60.00	51.00	65.00	54.00	75.00	57.00	77.00	56.00	72.00	55.00	59.00	53.00	55.00	52.00	56.00	57.00	
167.00	71.00	171.00	70.00	170.00	70.00	172.00	74.00	174.00	74.00	173.00	72.00	169.00	68.00	174.00	68.00	179.00	67.00	176.00	70.00	166.00	74.00	160.00	80.00	160.00	79.00	158.00	76.00	158.00	74.00	163.00	75.00	172.00	76.00	174.00	74.00	170.00	70.00	158.00	67.00	154.00	64.00	154.00	68.00	
215.00	35.00	220.00	35.00	218.00	34.00	220.00	39.00	223.00	39.00	222.00	38.00	218.00	33.00	224.00	33.00	229.00	32.00	227.00	35.00	217.00	37.00	211.00	43.00	210.00	40.00	208.00	38.00	208.00	35.00	212.00	36.00	222.00	36.00	223.00	35.00	217.00	29.00	204.00	26.00	201.00	23.00	201.00	28.00	
53.00	184.00	59.00	184.00	62.00	186.00	66.00	191.00	70.00	192.00	73.00	192.00	73.00	190.00	79.00	189.00	88.00	193.00	91.00	200.00	84.00	207.00	82.00	216.00	88.00	217.00	90.00	215.00	95.00	212.00	105.00	213.00	120.00	214.00	127.00	213.00	130.00	209.00	122.00	205.00	123.00	202.00	126.00	207.00	
200.00	154.00	205.00	153.00	206.00	152.00	207.00	155.00	209.00	154.00	209.00	152.00	207.00	146.00	211.00	146.00	218.00	145.00	218.00	147.00	209.00	150.00	204.00	155.00	206.00	153.00	204.00	149.00	204.00	145.00	209.00	144.00	220.00	144.00	223.00	141.00	220.00	134.00	208.00	129.00	205.00	126.00	204.00	129.00	
202.00	57.00	206.00	56.00	204.00	55.00	206.00	60.00	208.00	60.00	208.00	58.00	204.00	53.00	210.00	54.00	215.00	52.00	213.00	55.00	202.00	58.00	196.00	63.00	196.00	61.00	194.00	58.00	194.00	56.00	198.00	57.00	208.00	57.00	210.00	56.00	204.00	50.00	192.00	47.00	189.00	44.00	188.00	48.00	
189.00	66.00	194.00	65.00	192.00	64.00	194.00	69.00	196.00	69.00	195.00	67.00	191.00	62.00	197.00	62.00	202.00	61.00	200.00	64.00	189.00	67.00	184.00	73.00	184.00	71.00	181.00	68.00	181.00	66.00	186.00	66.00	196.00	67.00	198.00	66.00	192.00	60.00	180.00	57.00	177.00	54.00	177.00	59.00	
177.00	95.00	181.00	94.00	180.00	93.00	182.00	97.00	184.00	97.00	183.00	95.00	179.00	90.00	184.00	90.00	189.00	89.00	187.00	92.00	176.00	95.00	171.00	101.00	171.00	99.00	169.00	97.00	168.00	94.00	173.00	94.00	182.00	95.00	184.00	93.00	180.00	88.00	168.00	85.00	165.00	82.00	164.00	86.00	
154.00	119.00	158.00	118.00	157.00	118.00	159.00	121.00	159.00	121.00	159.00	118.00	155.00	114.00	159.00	113.00	163.00	113.00	161.00	116.00	151.00	120.00	145.00	126.00	144.00	125.00	142.00	123.00	142.00	120.00	146.00	120.00	155.00	121.00	158.00	120.00	154.00	115.00	142.00	112.00	139.00	110.00	137.00	113.00	
303.00	166.00	305.00	164.00	305.00	160.00	305.00	162.00	305.00	160.00	305.00	156.00	301.00	148.00	305.00	149.00	305.00	147.00	305.00	145.00	298.00	144.00	292.00	147.00	292.00	142.00	288.00	137.00	286.00	132.00	288.00	130.00	297.00	128.00	297.00	125.00	290.00	115.00	275.00	109.00	271.00	104.00	268.00	107.00	
178.00	106.00	182.00	105.00	181.00	104.00	183.00	108.00	184.00	107.00	183.00	104.00	180.00	100.00	184.00	99.00	189.00	98.00	187.00	102.00	177.00	104.00	171.00	110.00	171.00	108.00	169.00	106.00	169.00	103.00	173.00	103.00	182.00	103.00	184.00	102.00	180.00	97.00	168.00	93.00	165.00	90.00	164.00	94.00	
142.00	133.00	145.00	133.00	145.00	132.00	147.00	136.00	149.00	135.00	149.00	133.00	145.00	130.00	149.00	129.00	155.00	129.00	154.00	133.00	145.00	136.00	140.00	142.00	141.00	142.00	139.00	140.00	140.00	137.00	145.00	137.00	155.00	138.00	159.00	136.00	156.00	132.00	145.00	128.00	143.00	126.00	142.00	130.00	
53.00	152.00	58.00	152.00	59.00	153.00	62.00	158.00	65.00	158.00	66.00	158.00	64.00	156.00	69.00	155.00	76.00	158.00	77.00	166.00	68.00	172.00	63.00	180.00	66.00	181.00	67.00	180.00	70.00	178.00	79.00	180.00	93.00	182.00	98.00	181.00	99.00	178.00	90.00	176.00	90.00	176.00	92.00	180.00	
147.00	43.00	152.00	43.00	150.00	43.00	152.00	48.00	153.00	47.00	152.00	46.00	148.00	42.00	154.00	42.00	158.00	42.00	155.00	46.00	144.00	49.00	138.00	56.00	138.00	55.00	136.00	53.00	136.00	51.00	141.00	53.00	150.00	54.00	153.00	53.00	147.00	49.00	135.00	47.00	133.00	45.00	133.00	49.00	
65.00	104.00	68.00	104.00	67.00	106.00	69.00	109.00	69.00	110.00	68.00	109.00	64.00	106.00	67.00	105.00	70.00	108.00	67.00	114.00	55.00	119.00	48.00	128.00	48.00	130.00	46.00	129.00	46.00	127.00	51.00	129.00	62.00	133.00	65.00	133.00	62.00	132.00	50.00	130.00	48.00	130.00	48.00	134.00	
109.00	137.00	114.00	137.00	114.00	137.00	116.00	141.00	118.00	141.00	119.00	139.00	116.00	136.00	121.00	135.00	127.00	136.00	126.00	142.00	117.00	146.00	112.00	153.00	114.00	153.00	113.00	151.00	115.00	149.00	121.00	150.00	133.00	150.00	137.00	149.00	136.00	145.00	125.00	142.00	124.26	138.81	124.00	143.00	
157.00	57.00	160.00	55.00	160.00	57.00	162.00	61.00	163.00	61.00	162.00	59.00	159.00	56.00	164.00	55.00	168.00	55.00	165.00	58.00	155.00	62.00	149.00	68.00	149.00	67.00	147.00	65.00	147.00	63.00	152.00	64.00	161.00	65.00	164.00	64.00	159.00	60.00	147.00	57.00	144.00	55.00	144.00	59.00	
127.00	88.00	131.00	87.00	130.00	88.00	131.00	92.00	132.00	91.00	131.00	89.00	127.00	86.00	131.00	85.00	135.00	85.00	132.00	89.00	121.00	93.00	115.00	100.00	114.00	100.00	112.00	98.00	112.00	96.00	117.00	97.00	126.00	99.00	129.00	98.00	125.00	94.00	112.00	92.00	110.00	90.00	109.00	94.00	
147.00	76.00	151.00	75.00	150.00	75.00	152.00	80.00	153.00	79.00	152.00	77.00	148.00	74.00	153.00	73.00	157.00	73.00	155.00	77.00	144.00	80.00	138.00	87.00	138.00	86.00	136.00	84.00	136.00	82.00	140.00	82.00	150.00	84.00	152.00	83.00	148.00	79.00	135.00	76.00	133.00	74.00	132.00	78.00	
46.00	167.00	52.00	166.00	54.00	168.00	57.00	173.00	61.00	174.00	63.00	173.00	62.00	172.00	66.00	171.00	74.00	174.00	76.00	182.00	67.00	188.00	65.00	197.00	69.00	198.00	70.00	197.00	74.00	195.00	83.00	196.00	98.00	197.00	104.00	197.00	106.00	194.00	97.00	191.00	99.00	190.00	100.00	195.00	
202.00	219.00	209.00	218.00	211.00	215.00	215.00	219.00	220.00	217.00	223.00	214.00	223.00	208.00	229.00	208.00	240.00	206.00	244.00	208.00	237.00	210.00	236.00	215.00	241.00	210.00	241.00	205.00	243.00	200.00	250.00	197.00	263.00	195.00	266.00	191.00	265.00	181.00	254.00	175.00	253.00	170.00	253.00	173.00	
38.00	98.00	42.00	98.00	41.00	100.00	42.00	103.00	42.00	103.00	40.00	103.00	35.00	101.00	39.00	99.00	41.00	102.00	37.00	109.00	25.00	114.00	17.00	123.00	17.00	125.00	14.00	125.00	15.00	124.00	20.00	126.00	31.00	130.00	34.00	130.00	30.00	131.00	18.00	129.00	16.00	130.00	15.00	134.00	
128.00	27.00	131.00	26.00	129.00	27.00	132.00	32.00	133.00	32.00	132.00	31.00	127.00	27.00	133.00	27.00	136.00	27.00	133.00	31.00	122.00	35.00	115.00	42.00	114.00	41.00	112.00	40.00	112.00	38.00	117.00	40.00	127.00	42.00	130.00	42.00	124.00	38.00	112.00	36.00	109.00	34.00	110.00	39.00	
118.00	36.00	122.00	35.00	121.00	37.00	122.00	41.00	123.00	41.00	122.00	40.00	117.00	36.00	122.00	35.00	126.00	36.00	122.00	40.00	111.00	44.00	104.00	51.00	103.00	51.00	101.00	49.00	101.00	48.00	106.00	50.00	116.00	52.00	119.00	52.00	113.00	49.00	101.00	46.00	98.00	45.00	99.00	50.00	
80.00	92.00	84.00	91.00	83.00	93.00	84.00	96.00	83.00	96.00	82.00	95.00	77.00	92.00	80.00	90.00	83.00	92.00	79.00	98.00	67.00	102.00	59.00	110.00	58.00	111.00	56.00	110.00	55.00	109.00	59.00	110.00	69.00	113.00	71.00	113.00	67.00	112.00	54.00	110.00	51.00	109.00	50.00	113.00	
138.00	41.00	142.00	40.00	140.00	41.00	142.00	46.00	143.00	45.00	142.00	44.00	137.00	40.00	143.00	40.00	147.00	40.00	144.00	44.00	133.00	48.00	127.00	54.00	126.00	53.00	124.00	52.00	124.00	50.00	129.00	52.00	139.00	53.00	141.00	53.00	136.00	49.00	124.00	47.00	121.00	45.00	121.00	49.00	
127.00	49.00	132.00	49.00	130.00	50.00	132.00	54.00	133.00	54.00	132.00	53.00	127.00	49.00	132.00	48.00	136.00	49.00	133.00	53.00	122.00	57.00	116.00	64.00	115.00	63.00	113.00	62.00	113.00	60.00	118.00	61.00	127.00	63.00	130.00	63.00	125.00	59.00	113.00	57.00	110.00	55.00	110.00	60.00	
117.00	56.00	121.00	55.00	121.00	58.00	123.00	62.00	124.00	62.00	123.00	61.00	118.00	57.00	122.00	56.00	126.00	57.00	123.00	61.00	112.00	65.00	105.00	72.00	104.00	72.00	102.00	70.00	102.00	69.00	107.00	70.00	117.00	73.00	119.00	72.00	114.00	69.00	102.00	66.00	99.00	65.00	100.00	70.00	
169.00	25.00	174.00	25.00	171.00	25.00	174.00	30.00	176.00	30.00	175.00	29.00	171.00	25.00	177.00	25.00	181.00	24.00	179.00	28.00	168.00	31.00	162.00	37.00	161.00	35.00	159.00	34.00	159.00	31.00	164.00	33.00	174.00	34.00	176.00	34.00	170.00	29.00	158.00	26.00	155.00	24.00	155.00	29.00	
62.00	199.00	68.00	199.00	71.00	201.00	76.00	205.00	82.00	206.00	85.00	205.00	86.00	202.00	92.00	202.00	102.00	205.00	106.00	212.00	99.00	218.00	99.00	225.00	105.00	225.00	107.00	224.00	112.00	221.00	123.00	221.00	138.00	222.00	145.00	220.00	148.00	215.00	141.00	211.00	143.00	209.00	146.00	214.00	
234.00	54.00	239.00	53.00	237.00	52.00	239.00	57.00	241.00	57.00	240.00	55.00	237.00	49.00	243.00	50.00	248.00	48.00	246.00	51.00	236.00	52.00	230.00	58.00	229.00	55.00	227.00	52.00	227.00	49.00	231.00	49.00	240.00	49.00	241.00	48.00	235.00	41.00	222.00	37.00	219.00	34.00	218.00	39.00	
213.00	190.00	219.00	188.00	220.00	186.00	223.00	189.00	226.00	188.00	227.00	184.00	226.00	178.00	231.00	178.00	239.00	177.00	242.00	179.00	234.00	181.00	230.00	186.00	233.00	182.00	232.00	178.00	233.00	173.00	239.00	171.00	251.00	171.00	254.00	167.00	251.00	158.00	240.00	153.00	238.00	148.00	237.00	151.00	
186.00	194.00	192.00	193.00	194.00	191.00	198.00	194.00	202.00	193.00	203.00	191.00	203.00	185.00	209.00	185.00	218.00	184.00	221.00	187.00	214.00	189.00	212.00	194.00	215.00	192.00	215.00	187.00	217.00	183.00	224.00	181.00	237.00	180.00	240.00	177.00	239.00	168.00	227.00	163.00	226.00	159.00	226.00	162.00	
264.00	175.00	269.00	174.00	269.00	170.00	270.00	173.00	273.00	171.00	271.00	168.00	269.00	160.00	273.00	161.00	280.00	158.00	280.00	158.00	271.00	159.00	266.00	163.00	267.00	158.00	265.00	153.00	264.00	149.00	268.00	146.00	278.00	144.00	279.00	140.00	274.00	131.00	260.00	125.00	257.00	120.00	255.11	123.02	
100.00	28.00	104.00	27.00	102.00	28.00	104.00	33.00	104.00	33.00	102.00	32.00	98.00	28.00	103.00	27.00	106.00	28.00	102.00	33.00	90.00	37.00	83.00	44.00	81.00	45.00	79.00	43.00	79.00	42.00	84.00	45.00	94.00	47.00	96.00	47.00	90.00	45.00	78.00	42.00	75.00	41.00	76.00	46.00	
228.00	208.00	234.00	207.00	236.00	204.00	239.00	207.00	244.00	206.00	245.00	202.00	246.00	196.00	250.00	196.00	262.00	194.00	265.00	195.00	258.00	196.00	255.00	200.00	259.00	196.00	258.00	190.00	258.00	184.00	264.00	182.00	276.00	180.00	277.00	176.00	272.00	166.00	260.00	159.00	258.00	155.00	258.00	158.00	
118.00	25.00	122.00	24.00	120.00	25.00	122.00	30.00	123.00	30.00	122.00	29.00	117.00	25.00	122.00	24.00	126.00	25.00	122.00	29.00	110.00	33.00	104.00	40.00	103.00	40.00	101.00	39.00	101.00	37.00	106.00	39.00	116.00	42.00	118.00	41.00	113.00	38.00	100.00	36.00	98.00	35.00	98.00	39.00	
137.00	146.00	141.00	146.00	142.00	145.00	144.00	149.00	147.00	149.00	147.00	147.00	145.00	143.00	149.00	142.00	156.00	143.00	156.00	147.00	147.00	151.00	142.00	157.00	144.00	156.00	143.00	154.00	145.00	151.00	150.00	151.00	162.00	152.00	165.00	150.00	163.00	145.00	153.00	142.00	151.00	139.00	151.00	143.00	
31.00	176.00	32.00	177.00	31.85	180.70	38.00	184.00	44.00	185.00	46.00	185.00	46.00	184.00	52.00	183.00	60.00	187.00	62.00	196.00	55.00	203.00	52.00	213.00	57.00	215.00	60.00	214.00	65.00	212.00	75.00	213.00	88.00	213.00	95.00	213.00	98.00	210.00	91.00	208.00	93.00	207.00	96.00	212.00	
89.00	181.00	95.00	181.00	97.00	182.00	102.00	186.00	106.00	186.00	108.00	185.00	108.00	182.00	114.00	182.00	122.00	184.00	123.00	189.00	115.00	194.00	113.00	202.00	117.00	202.00	119.00	199.00	122.00	197.00	131.00	197.00	146.00	197.00	151.00	196.00	153.00	190.00	144.00	187.00	145.00	185.00	147.00	189.00	
192.00	30.00	196.00	30.00	194.00	29.00	196.00	35.00	199.00	35.00	198.00	33.00	194.00	29.00	200.00	29.00	205.00	28.00	202.00	31.00	192.00	34.00	186.00	40.00	185.00	38.00	183.00	36.00	183.00	33.00	188.00	35.00	198.00	35.00	200.00	34.00	193.00	29.00	181.00	26.00	178.00	24.00	178.00	29.00	
167.00	60.00	172.00	59.00	170.00	59.00	172.00	64.00	174.00	64.00	173.00	62.00	170.00	58.00	175.00	58.00	179.00	57.00	177.00	61.00	167.00	64.00	161.00	70.00	160.00	68.00	158.00	66.00	158.00	64.00	163.00	65.00	173.00	66.00	175.00	65.00	170.00	60.00	158.00	57.00	155.00	55.00	155.00	59.00	
21.00	130.00	25.00	130.00	26.00	133.00	28.00	137.00	30.00	137.00	30.00	138.00	27.00	136.00	31.00	134.00	36.00	138.00	34.00	146.00	23.00	153.00	18.00	163.00	19.00	165.00	20.00	165.00	22.00	164.00	29.00	166.00	44.00	170.00	48.00	169.00	48.00	169.00	38.00	168.00	38.00	169.00	40.00	174.00	
204.00	135.00	209.00	134.00	209.00	132.00	210.00	136.00	211.00	134.00	210.00	132.00	206.00	126.00	210.00	126.00	216.00	125.00	214.00	127.00	204.00	129.00	200.00	134.00	200.00	132.00	198.00	129.00	198.00	126.00	201.00	125.00	211.00	125.00	213.00	123.00	209.00	117.00	196.00	112.00	193.00	109.00	191.00	112.00	
156.00	77.00	160.00	76.00	160.00	78.00	162.00	82.00	163.00	81.00	162.00	80.00	159.00	76.00	163.00	75.00	168.00	75.00	165.00	78.00	155.00	82.00	149.00	88.00	149.00	87.00	147.00	85.00	147.00	83.00	151.00	83.00	161.00	84.00	163.00	83.00	159.00	79.00	146.00	76.00	144.00	74.00	143.00	78.00	
296.00	119.00	300.00	118.00	299.00	115.00	299.00	119.00	301.00	117.00	300.00	114.00	296.00	108.00	302.00	108.00	305.00	108.00	305.00	107.00	294.00	107.00	288.00	110.00	288.00	105.00	285.00	100.00	283.00	97.00	286.00	94.00	296.00	92.00	295.00	90.00	289.00	80.00	274.00	75.00	270.00	73.00	268.00	77.00	
122.00	122.00	126.00	121.00	126.00	122.00	127.00	125.00	129.00	125.00	128.00	123.00	125.13	118.54	128.00	118.00	133.00	119.00	132.00	123.00	121.00	127.00	116.00	134.00	116.00	134.00	115.00	132.00	115.00	130.00	120.00	130.00	130.00	132.00	133.00	131.00	131.00	127.00	119.00	124.00	116.00	123.00	115.00	127.00	
194.00	177.00	200.00	175.00	201.00	174.00	204.00	177.00	203.00	177.00	205.00	174.00	204.00	169.00	209.00	169.00	217.00	167.00	219.00	170.00	211.00	172.00	207.00	177.00	210.00	174.00	209.00	169.00	210.00	164.00	216.00	163.00	227.00	163.00	230.00	159.00	227.00	152.00	216.00	147.00	214.00	143.00	213.00	146.00	
93.00	96.00	97.00	95.00	96.00	96.00	97.00	100.00	97.00	100.00	96.00	98.00	91.00	95.00	94.00	94.00	98.00	95.00	95.00	100.00	83.00	104.00	76.00	112.00	75.00	112.00	73.00	111.00	73.00	109.00	78.00	111.00	88.00	113.00	90.00	113.00	86.00	111.00	73.00	109.00	71.00	108.00	70.00	111.00	
137.00	52.00	140.00	50.00	140.00	52.00	141.00	56.00	142.00	56.00	142.00	55.00	137.00	51.00	142.00	50.00	147.00	51.00	144.00	55.00	133.00	58.00	127.00	65.00	126.00	64.00	124.00	63.00	124.00	61.00	129.00	62.00	139.00	64.00	141.00	63.00	136.00	60.00	124.00	57.00	121.00	55.00	121.00	60.00	
111.00	202.00	118.00	202.00	120.00	200.00	126.00	207.00	132.00	208.00	135.00	206.00	135.00	201.00	142.00	202.00	152.00	203.00	156.00	209.00	150.00	213.00	149.00	221.00	154.00	219.00	156.00	216.00	160.00	212.00	169.00	212.00	183.00	211.00	189.00	209.00	190.00	202.00	182.00	197.00	183.00	194.00	184.00	198.00	
180.00	190.00	186.00	189.00	188.00	187.00	191.00	191.00	195.00	190.00	197.00	187.00	196.00	182.00	202.00	182.00	211.00	181.00	213.00	184.00	206.76	186.92	204.00	193.00	208.00	190.00	207.00	186.00	209.00	182.00	216.00	180.00	228.00	180.00	232.00	177.00	231.00	168.00	220.00	164.00	219.00	159.00	219.00	163.00	
160.00	126.00	164.00	125.00	163.00	124.00	165.00	127.00	166.00	127.00	165.00	124.00	161.00	120.00	165.00	119.00	170.00	119.00	169.00	122.00	159.00	125.00	153.00	132.00	153.00	130.00	151.00	128.00	151.00	125.00	155.00	125.00	165.00	126.00	168.00	124.00	164.00	119.00	152.00	116.00	149.00	114.00	148.00	117.00	
44.00	120.00	48.00	119.00	48.00	121.00	50.00	125.00	51.00	126.00	51.00	125.00	47.00	123.00	51.00	121.00	55.00	124.00	53.00	131.00	42.00	137.00	36.00	146.00	37.00	148.00	37.00	147.00	38.00	146.00	44.00	148.00	57.00	151.00	61.00	151.00	60.00	151.00	49.00	149.00	48.00	149.00	49.00	153.00	
147.00	65.00	150.00	63.00	150.00	65.00	152.00	70.00	153.00	69.00	152.00	67.00	148.00	64.00	153.00	63.00	157.00	63.00	155.00	67.00	144.00	70.00	138.00	77.00	138.00	76.00	136.00	74.00	136.00	72.00	140.00	73.00	150.00	74.00	152.00	73.00	148.00	70.00	136.00	67.00	133.00	65.00	133.00	69.00	
136.00	82.00	140.00	81.00	141.00	83.00	142.00	87.00	143.00	87.00	142.00	85.00	138.00	81.00	142.00	80.00	146.00	80.00	144.00	84.00	133.00	88.00	127.00	94.00	127.00	94.00	125.00	92.00	125.00	90.00	129.00	91.00	139.00	93.00	142.00	92.00	137.00	88.00	125.00	85.00	122.00	83.00	122.00	87.00	
191.00	42.00	195.00	41.00	194.00	41.00	196.00	46.00	198.00	46.00	197.00	44.00	193.00	40.00	199.00	40.00	204.00	39.00	202.00	42.00	191.00	45.00	185.00	51.00	185.00	49.00	183.00	47.00	183.00	44.00	187.00	45.00	197.00	46.00	199.00	45.00	193.00	39.00	181.00	36.00	178.00	33.00	178.00	38.00	
146.00	153.00	152.00	152.00	153.00	151.00	155.00	155.00	157.00	155.00	157.00	153.00	155.00	149.00	160.00	148.00	167.00	148.00	168.00	152.00	159.00	156.00	155.00	162.00	157.00	160.00	156.00	158.00	157.00	155.00	163.00	154.00	175.00	155.00	178.00	153.00	176.00	147.00	165.00	143.00	164.00	141.00	163.00	144.00	
216.00	149.00	220.00	147.00	220.00	145.00	222.00	148.00	223.00	147.00	222.00	144.00	219.00	138.00	224.00	138.00	230.00	135.00	229.00	137.00	220.00	138.00	214.00	143.00	215.00	140.00	213.00	136.00	212.00	132.00	216.00	131.00	225.00	131.00	227.00	128.00	223.00	121.00	210.00	116.00	207.00	112.00	205.00	116.00	
71.00	90.00	75.00	90.00	74.00	91.00	74.00	95.00	74.00	95.00	72.00	94.00	67.00	92.00	70.00	90.00	72.00	92.00	68.00	98.00	56.00	103.00	48.00	110.00	47.00	112.00	45.00	112.00	44.00	110.00	48.00	112.00	58.00	115.00	60.00	115.00	56.00	114.00	43.00	112.00	40.00	112.00	39.00	116.00	
243.00	143.00	248.00	142.00	247.00	140.00	248.00	143.00	249.00	141.00	248.00	137.00	245.00	131.00	249.00	132.00	255.00	129.00	254.00	130.00	243.00	132.00	238.00	136.00	238.00	133.00	236.00	128.00	235.00	124.00	238.00	123.00	247.00	123.00	248.00	120.00	243.00	112.00	229.00	107.00	226.00	103.00	224.00	106.00	
232.00	153.00	237.00	152.00	237.00	149.00	238.00	152.00	239.00	151.00	239.00	148.00	236.00	142.00	239.00	142.00	246.00	139.00	246.00	142.00	236.00	143.00	231.00	148.00	232.00	145.00	230.00	141.00	229.00	137.00	233.00	136.00	243.00	136.00	245.00	133.00	241.00	125.00	228.00	121.00	226.00	117.00	224.00	120.00	
223.00	167.00	227.00	166.00	227.00	164.00	230.00	167.00	232.00	166.00	233.00	162.00	230.00	156.00	236.00	156.00	243.00	154.00	243.00	156.00	234.00	158.00	230.00	162.00	231.00	159.00	230.00	155.00	230.00	150.00	234.00	149.00	245.00	148.00	247.00	145.00	244.00	136.00	231.00	131.00	228.00	127.00	227.00	131.00	
240.00	165.00	245.00	163.00	245.00	161.00	247.00	164.00	248.00	162.00	248.00	158.00	245.00	152.00	249.00	152.00	257.00	150.00	256.00	151.00	247.00	152.00	243.00	157.00	244.00	153.00	242.00	148.00	241.00	144.00	245.00	142.00	256.00	141.00	257.00	138.00	252.00	129.00	239.00	123.00	236.00	119.00	235.00	123.00	
167.00	92.00	171.00	91.00	170.00	91.00	171.00	94.00	173.00	94.00	172.00	92.00	169.00	88.00	173.00	87.00	178.00	87.00	176.00	90.00	165.00	93.00	159.00	99.00	160.00	98.00	158.00	96.00	158.00	93.00	162.00	94.00	171.00	94.00	174.00	93.00	169.00	88.00	157.00	85.00	154.00	82.00	153.00	86.00	
213.00	60.00	218.00	59.00	216.00	58.00	218.00	63.00	220.00	63.00	219.00	61.00	216.00	56.00	222.00	56.00	227.00	54.00	225.00	57.00	214.00	60.00	208.00	65.00	208.00	63.00	206.00	60.00	206.00	57.00	209.00	58.00	219.00	58.00	221.00	56.00	215.00	50.00	202.00	47.00	199.00	44.00	198.00	48.00	
200.00	80.00	204.00	79.00	203.00	78.00	205.00	82.00	207.00	82.00	206.00	80.00	202.00	75.00	208.00	75.00	212.00	73.00	210.00	76.00	200.00	79.00	195.00	84.00	195.00	82.00	192.00	79.00	192.00	77.00	196.00	77.00	206.00	77.00	208.00	76.00	203.00	70.00	190.00	66.00	187.00	63.00	186.00	67.00	
211.00	83.00	216.00	82.00	215.00	81.00	216.00	85.00	218.00	85.00	217.00	82.00	214.00	77.00	219.00	77.00	224.00	76.00	222.00	78.00	212.00	81.00	206.00	86.00	206.00	84.00	204.00	81.00	203.00	78.00	207.00	78.00	217.00	78.00	218.00	76.00	213.00	70.00	200.00	67.00	197.00	63.00	196.00	68.00	
127.00	141.00	132.00	140.00	133.00	140.00	135.00	144.00	137.00	143.00	138.00	141.00	135.00	138.00	139.00	137.00	145.00	137.00	145.00	142.00	136.00	146.00	131.00	152.00	133.00	151.00	132.00	149.00	133.00	147.00	139.00	147.00	150.00	148.00	154.00	146.00	152.00	142.00	141.00	138.00	139.00	136.00	138.00	140.00	
221.00	111.00	226.00	110.00	226.00	108.00	227.00	112.00	228.00	111.00	227.00	109.00	224.00	103.00	228.00	104.00	234.00	101.00	232.00	103.00	222.00	105.00	216.00	110.00	217.00	107.00	214.00	104.00	214.00	100.00	217.00	100.00	227.00	99.00	228.00	97.00	223.00	90.00	210.00	86.00	207.00	83.00	205.00	87.00	
136.00	72.00	140.00	71.00	140.00	73.00	142.00	77.00	143.00	77.00	142.00	75.00	138.00	71.00	142.00	70.00	147.00	71.00	144.00	75.00	133.00	78.00	127.00	85.00	126.00	84.00	125.00	83.00	125.00	81.00	129.00	82.00	139.00	83.00	141.00	82.00	137.00	79.00	125.00	76.00	122.00	74.00	121.00	78.00	
204.00	17.00	209.00	17.00	207.00	17.00	209.00	22.00	211.00	22.00	211.00	21.00	207.00	16.00	214.00	17.00	218.00	15.00	216.00	19.00	205.00	21.00	199.00	27.00	199.00	25.00	197.00	22.00	197.00	20.00	201.00	21.00	211.00	22.00	213.00	21.00	206.00	15.00	194.00	14.00	190.00	14.00	191.00	15.00	
179.00	39.00	184.00	39.00	183.00	39.00	185.00	44.00	186.00	43.00	186.00	42.00	182.00	38.00	188.00	38.00	192.00	37.00	190.00	40.00	179.00	43.00	173.00	49.00	173.00	48.00	171.00	45.00	171.00	43.00	175.00	44.00	185.00	45.00	187.00	44.00	182.00	39.00	170.00	36.00	167.00	34.00	167.00	39.00	
59.00	118.00	64.00	117.00	63.00	119.00	65.00	123.00	66.00	124.00	66.00	122.00	63.00	120.00	66.00	119.00	71.00	121.00	68.00	128.00	57.00	133.00	51.00	142.00	52.00	143.00	51.00	142.00	53.00	141.00	59.00	142.00	71.00	145.00	74.00	145.00	73.00	144.00	61.00	142.00	60.00	142.00	60.00	146.00	
180.00	140.00	184.00	140.00	184.00	138.00	186.00	142.00	188.00	141.00	187.00	139.00	184.00	134.00	188.00	134.00	194.00	134.00	193.00	137.00	184.00	139.00	179.00	145.00	180.00	143.00	178.00	140.00	178.00	137.00	183.00	136.00	193.00	136.00	196.00	134.00	193.00	128.00	181.00	124.00	179.00	120.00	177.00	124.00	
128.00	160.00	133.00	159.00	134.00	159.00	137.00	163.00	140.00	162.00	142.00	161.00	140.00	157.00	145.00	157.00	153.00	157.00	155.00	162.00	146.00	166.00	143.00	173.00	146.00	172.00	146.00	169.00	148.00	165.00	154.00	165.00	166.00	166.00	170.00	164.00	170.00	159.00	159.00	155.00	158.00	153.00	158.00	157.00	
63.00	171.00	69.00	171.00	71.00	172.00	74.00	177.00	78.00	177.00	80.00	177.00	80.00	174.00	85.00	174.00	92.00	177.00	94.00	184.00	86.00	190.00	84.00	199.00	84.00	201.00	86.00	199.00	93.00	195.00	103.00	196.00	117.00	198.00	123.00	197.00	126.00	193.00	118.00	190.00	120.00	189.00	122.00	193.00	
202.00	44.00	207.00	44.00	205.00	43.00	207.00	48.00	209.00	48.00	209.00	47.00	205.00	42.00	211.00	42.00	216.00	41.00	214.00	44.00	203.00	46.00	197.00	52.00	197.00	50.00	195.00	48.00	195.00	45.00	199.00	46.00	209.00	46.00	211.00	45.00	205.00	39.00	192.00	36.00	189.00	33.00	189.00	38.00	
30.00	188.00	36.00	188.00	39.00	190.00	43.00	195.00	49.00	196.00	52.00	196.00	52.00	194.00	57.00	194.00	67.00	197.00	70.00	206.00	63.00	213.00	61.00	223.00	67.00	223.00	70.00	222.00	74.00	220.00	86.00	221.00	102.00	222.00	109.00	221.00	112.00	217.00	106.00	215.00	108.00	214.00	111.00	218.00	
212.00	45.00	217.00	45.00	215.00	44.00	217.00	49.00	220.00	49.00	219.00	47.00	215.00	42.00	221.00	42.00	226.00	41.00	224.00	44.00	214.00	46.00	208.00	52.00	208.00	49.00	205.00	46.00	205.00	44.00	209.00	44.00	219.00	45.00	221.00	43.00	215.00	37.00	202.00	34.00	199.00	31.00	198.00	36.00	
131.00	176.00	138.00	176.00	139.00	176.00	143.00	179.00	147.00	179.00	149.00	177.00	148.00	173.00	153.00	173.00	160.00	172.00	162.00	177.00	155.00	181.00	152.00	188.00	155.00	187.00	156.00	184.00	159.00	180.00	166.00	179.00	179.00	180.00	184.00	178.00	183.00	172.00	173.00	168.00	173.00	165.00	174.00	169.00	
176.00	83.00	182.00	84.00	181.00	83.00	182.00	87.00	184.00	87.00	183.00	85.00	179.00	80.00	184.00	80.00	189.00	79.00	187.00	82.00	177.00	85.00	171.00	91.00	171.00	90.00	169.00	87.00	169.00	84.00	173.00	85.00	183.00	86.00	185.00	84.00	180.00	79.00	168.00	76.00	165.00	73.00	164.00	77.00	
217.00	177.00	222.00	175.00	223.00	173.00	226.00	176.00	229.00	175.00	229.00	172.00	227.00	166.00	229.00	168.00	238.00	165.00	239.00	168.00	231.00	169.00	227.00	174.00	229.00	171.00	228.00	167.00	228.00	162.00	234.00	161.00	245.00	160.00	248.00	157.00	244.00	148.00	232.00	143.00	230.00	139.00	229.00	142.00	
118.00	47.00	122.00	46.00	120.00	47.00	122.00	52.00	123.00	52.00	122.00	50.00	118.00	47.00	122.00	46.00	126.00	47.00	122.00	51.00	111.00	55.00	105.00	62.00	104.00	62.00	102.00	61.00	102.00	59.00	107.00	61.00	117.00	63.00	119.00	62.00	114.00	59.00	102.00	57.00	99.00	56.00	99.00	60.00	
169.00	37.00	173.00	36.00	171.00	36.00	173.00	41.00	175.00	41.00	175.00	40.00	171.00	36.00	176.00	35.00	181.00	35.00	178.00	39.00	168.00	42.00	162.00	48.00	161.00	46.00	159.00	44.00	159.00	42.00	164.00	44.00	174.00	45.00	176.00	44.00	170.00	39.00	158.00	36.00	155.00	34.00	155.00	39.00	
185.00	106.00	189.00	105.00	188.00	104.00	190.00	108.00	191.00	107.00	191.00	105.00	187.00	100.00	192.00	100.00	197.00	99.00	195.00	102.00	185.00	104.00	179.00	110.00	179.00	108.00	177.00	105.00	177.00	102.00	181.00	102.00	191.00	102.00	192.00	101.00	188.00	95.00	175.00	91.00	173.00	88.00	171.00	92.00	
199.00	112.00	203.00	111.00	202.00	109.00	204.00	113.00	205.00	112.00	204.00	110.00	201.00	105.00	205.00	104.00	210.00	103.00	209.00	105.00	199.00	108.00	193.00	113.00	193.00	111.00	191.00	108.00	190.00	105.00	194.00	104.00	204.00	104.00	206.00	103.00	201.00	96.00	189.00	92.00	186.00	89.00	184.00	93.00	
257.00	196.00	262.00	194.00	263.00	191.00	265.00	194.00	268.00	192.00	269.00	188.00	267.00	181.00	271.00	181.00	280.00	178.00	281.00	179.00	273.00	180.00	268.00	183.00	270.00	179.00	268.00	174.00	267.00	169.00	272.00	166.00	283.00	165.00	285.00	161.00	281.00	151.00	268.00	145.00	266.00	140.00	264.00	144.00	
116.00	147.00	121.00	146.00	122.00	146.00	124.00	150.00	127.00	150.00	128.00	148.00	125.00	145.00	131.00	143.00	136.00	145.00	136.00	150.00	128.00	153.00	123.00	161.00	126.00	160.00	126.00	157.00	128.00	155.00	134.00	155.00	146.00	156.00	150.00	155.00	149.00	150.00	138.00	147.00	138.00	145.00	138.00	148.00	
148.00	20.00	152.00	20.00	150.00	21.00	152.00	26.00	154.00	26.00	153.00	24.00	149.00	21.00	155.00	20.00	158.00	20.00	155.00	24.00	144.00	27.00	138.00	34.00	137.00	33.00	135.00	31.00	135.00	30.00	140.00	31.00	150.00	33.00	152.00	32.00	147.00	29.00	134.00	26.00	131.00	24.00	132.00	29.00	
175.00	225.00	181.00	225.00	185.00	224.00	190.00	225.00	196.00	225.00	199.00	223.00	200.00	218.00	206.00	218.00	218.00	217.00	223.00	220.00	217.00	223.00	215.00	225.00	222.00	225.00	222.00	219.00	225.00	214.00	234.00	212.00	248.00	210.00	252.00	206.00	251.00	196.00	241.00	190.00	241.00	186.00	242.00	189.00	
161.00	153.00	166.00	152.00	167.00	151.00	169.00	155.00	172.00	154.00	172.00	152.00	170.00	147.00	174.00	147.00	181.00	146.00	182.00	150.00	173.00	153.00	169.00	159.00	170.00	157.00	169.00	154.00	170.00	151.00	176.00	150.00	187.00	151.00	190.00	149.00	188.00	142.00	177.00	138.00	175.00	136.00	175.00	139.00	
20.00	189.00	26.00	189.00	29.00	192.00	33.00	197.00	39.00	198.00	42.00	199.00	43.00	197.00	48.00	196.00	57.00	201.00	60.00	210.00	53.00	217.00	51.00	225.00	56.02	226.04	60.00	225.00	65.00	225.00	76.00	225.00	92.00	225.00	100.00	225.00	103.00	224.00	97.00	221.00	100.00	221.00	103.00	225.00	
107.00	179.00	113.00	178.00	115.00	179.00	119.00	183.00	123.00	183.00	125.00	182.00	125.00	178.00	130.00	178.00	139.00	179.00	141.00	185.00	133.00	191.00	131.00	198.00	135.00	198.00	137.00	194.00	140.00	191.00	149.00	190.00	162.00	192.00	167.00	190.00	168.00	184.00	159.00	180.00	160.00	177.00	161.00	181.00	
262.00	159.00	266.00	158.00	266.00	155.00	267.00	158.00	268.00	156.00	267.00	152.00	264.00	145.00	268.00	145.00	274.00	142.00	274.00	142.00	263.00	143.00	258.00	147.00	258.00	143.00	256.00	138.00	254.00	134.00	258.00	132.00	267.00	131.00	268.00	127.00	263.00	119.00	250.00	113.00	247.00	109.00	244.00	112.00	
234.00	173.00	238.00	172.00	239.00	170.00	241.00	173.00	244.00	171.00	244.00	167.00	242.00	161.00	246.00	162.00	252.00	160.00	254.00	161.00	245.00	162.00	240.00	167.00	242.00	163.00	240.00	159.00	240.00	154.00	244.00	153.00	255.00	152.00	257.00	148.00	253.00	140.00	240.00	134.00	238.00	130.00	237.00	133.00	
170.00	185.00	175.00	184.00	177.00	182.00	180.00	186.00	184.00	185.00	186.00	183.00	185.00	178.00	191.00	177.00	200.00	177.00	202.00	181.00	194.00	184.00	191.00	190.00	195.00	187.00	195.00	183.00	197.00	179.00	204.00	178.00	216.00	178.00	220.00	175.00	219.00	167.00	208.00	162.00	208.00	158.00	208.00	162.00	
167.00	81.00	172.00	81.00	170.00	80.00	172.00	85.00	173.00	84.00	172.00	82.00	169.00	78.00	174.00	78.00	178.00	77.00	176.00	81.00	166.00	84.00	160.00	90.00	160.00	88.00	158.00	86.00	158.00	84.00	162.00	84.00	172.00	85.00	174.00	84.00	169.00	79.00	157.00	76.00	154.00	73.00	154.00	77.00	
200.00	68.00	205.00	68.00	203.00	67.00	205.00	71.00	207.00	71.00	206.00	69.00	203.00	65.00	208.00	64.00	213.00	63.00	211.00	66.00	201.00	69.00	195.00	74.00	195.00	72.00	193.00	69.00	193.00	67.00	197.00	67.00	207.00	67.00	209.00	66.00	203.00	60.00	191.00	57.00	188.00	54.00	187.00	58.00	
140.00	188.00	146.00	187.00	149.00	186.00	152.00	191.00	155.00	191.00	160.00	187.00	157.00	185.00	163.00	184.00	172.00	185.00	175.00	189.00	168.00	193.00	166.00	199.00	170.00	197.00	171.00	194.00	173.00	190.00	181.00	189.00	194.00	189.00	199.00	186.00	199.00	179.00	189.00	174.00	189.00	171.00	190.00	175.00	
124.00	190.00	130.00	189.00	133.00	189.00	137.00	193.00	142.00	192.00	144.00	191.00	144.00	187.00	150.00	186.00	159.00	187.00	162.00	192.00	156.00	196.00	154.00	203.00	159.00	202.00	160.00	199.00	163.00	195.00	171.00	194.00	185.00	194.00	190.00	192.00	190.00	185.00	181.00	181.00	182.00	178.00	183.00	182.00	
39.00	145.00	44.00	145.00	46.00	147.00	48.00	152.00	51.00	152.00	52.00	152.00	50.00	150.00	54.00	149.00	61.00	152.00	60.00	159.00	50.00	166.00	46.00	175.00	49.00	177.00	49.00	176.00	52.00	175.00	59.00	177.00	75.00	179.00	79.00	179.00	80.00	177.00	72.00	176.00	72.00	176.00	72.00	180.00	
210.00	69.00	215.00	69.00	213.00	68.00	215.00	72.00	217.00	72.00	216.00	69.00	213.00	65.00	218.00	65.00	223.00	63.00	221.00	66.00	211.00	68.00	206.00	74.00	205.00	71.00	203.00	68.00	203.00	65.00	207.00	66.00	217.00	66.00	218.00	64.00	213.00	58.00	200.00	55.00	197.00	51.00	196.00	56.00	
188.00	87.00	193.00	87.00	192.00	86.00	193.00	90.00	195.00	89.00	194.00	87.00	190.00	82.00	195.00	82.00	200.00	81.00	198.00	84.00	188.00	87.00	183.00	93.00	183.00	91.00	180.00	88.00	180.00	85.00	184.00	85.00	194.00	86.00	196.00	84.00	191.00	79.00	178.00	75.00	176.00	73.00	175.00	77.00	
72.00	206.00	79.00	206.00	82.00	207.00	87.00	212.00	94.00	212.00	97.00	211.00	98.00	209.00	104.00	208.00	115.00	211.00	120.00	218.00	115.00	223.00	114.00	225.00	120.00	225.00	125.00	225.00	130.00	225.00	141.00	225.00	157.00	225.00	164.00	223.00	167.00	217.00	160.00	213.00	162.00	211.00	164.00	215.00	
134.00	204.00	140.00	203.00	144.00	203.00	148.00	207.00	153.00	207.00	156.00	204.00	158.00	200.00	163.00	199.00	174.00	200.00	178.00	205.00	170.00	212.00	168.00	219.00	173.00	217.00	175.00	213.00	179.00	209.00	187.00	208.00	202.00	207.00	207.00	204.00	208.00	196.00	199.00	191.00	200.00	188.00	201.00	192.00	
90.00	148.00	95.00	147.00	96.00	148.00	99.00	152.00	101.00	152.00	102.00	151.00	100.00	148.00	105.00	147.00	111.00	149.00	111.00	154.00	103.00	159.00	98.00	167.00	101.00	167.00	101.00	165.00	104.00	162.00	111.00	163.00	123.00	165.00	127.00	164.00	127.00	160.00	117.00	157.00	117.00	155.00	117.00	159.00	
127.00	79.00	131.00	78.00	131.00	80.00	131.00	83.00	132.00	82.00	132.00	82.00	129.00	79.00	131.00	76.00	136.00	78.00	134.00	83.00	123.00	86.00	117.00	93.00	116.00	93.00	114.00	91.00	114.00	89.00	119.00	90.00	128.00	92.00	131.00	91.00	126.00	88.00	114.00	85.00	111.00	83.00	111.00	87.00	
36.00	163.00	42.00	163.00	44.00	165.00	48.00	170.00	52.00	171.00	53.00	170.00	52.00	168.00	58.00	167.00	65.00	171.00	66.00	179.00	58.00	185.00	54.00	194.00	58.00	196.00	60.00	195.00	63.00	193.00	73.00	194.00	87.00	196.00	93.00	196.00	95.00	193.00	87.00	191.00	88.00	191.00	90.00	195.00	
225.00	98.00	229.00	98.00	228.00	96.00	230.00	99.00	231.00	99.00	230.00	97.00	227.00	91.00	232.00	91.00	237.00	89.00	236.00	91.00	225.00	94.00	220.00	98.00	220.00	95.00	217.00	92.00	217.00	89.00	221.00	88.00	230.00	88.00	232.00	86.00	226.00	79.00	213.00	75.00	210.00	72.00	209.00	76.00	
191.00	131.00	195.00	130.00	194.00	128.00	195.00	132.00	197.00	131.00	196.00	128.00	192.00	123.00	196.00	123.00	201.00	121.00	199.00	124.00	189.00	126.00	183.00	131.00	183.00	129.00	181.00	126.00	181.00	123.00	184.00	123.00	194.00	123.00	196.00	121.00	192.00	115.00	179.00	111.00	176.00	108.00	174.00	111.00	
157.00	68.00	161.00	67.00	160.00	68.00	162.00	72.00	164.00	72.00	162.00	70.00	159.00	66.00	164.00	66.00	168.00	65.00	166.00	69.00	155.00	72.00	149.00	78.00	149.00	77.00	147.00	75.00	147.00	73.00	151.00	74.00	161.00	75.00	163.00	74.00	159.00	70.00	147.00	67.00	144.00	64.00	143.00	69.00	
217.00	123.00	222.00	122.00	221.00	120.00	222.00	124.00	224.00	123.00	223.00	120.00	220.00	114.00	224.00	114.00	229.00	112.00	228.00	114.00	218.00	116.00	212.00	121.00	213.00	118.00	210.00	115.00	210.00	111.00	213.00	111.00	223.00	110.00	224.00	108.00	219.00	101.00	206.00	97.00	203.00	93.00	202.00	97.00	
147.00	86.00	150.00	84.00	150.00	86.00	152.00	90.00	153.00	89.00	152.00	87.00	148.00	83.00	153.00	83.00	157.00	83.00	154.00	86.00	144.00	90.00	138.00	96.00	138.00	96.00	136.00	94.00	136.00	91.00	140.00	92.00	150.00	93.00	152.00	92.00	148.00	88.00	136.00	85.00	133.00	83.00	132.00	87.00	
204.00	34.00	209.00	33.00	207.00	33.00	209.00	38.00	211.00	38.00	210.00	36.00	207.00	32.00	213.00	32.00	217.00	31.00	215.00	34.00	205.00	36.00	199.00	42.00	198.00	40.00	196.00	37.00	196.00	35.00	201.00	36.00	210.00	36.00	212.00	35.00	206.00	30.00	193.00	26.00	190.00	23.00	190.00	29.00	
118.00	169.00	123.00	168.00	125.00	168.00	128.00	173.00	132.00	173.00	134.00	171.00	133.00	167.00	138.00	167.00	146.00	168.00	148.00	174.00	141.00	178.00	138.00	185.00	141.00	183.00	142.00	181.00	144.00	178.00	152.00	177.00	165.00	178.00	169.00	176.00	168.00	170.00	159.00	166.00	158.00	164.00	159.00	168.00	
178.00	74.00	182.00	73.00	181.00	73.00	183.00	77.00	184.00	77.00	184.00	75.00	180.00	71.00	185.00	70.00	190.00	70.00	188.00	73.00	178.00	76.00	172.00	82.00	171.00	80.00	169.00	77.00	169.00	75.00	174.00	76.00	183.00	76.00	186.00	75.00	181.00	70.00	168.00	67.00	165.00	64.00	165.00	68.00	
112.00	121.00	117.00	121.00	117.00	121.00	119.00	125.00	120.00	125.00	120.00	123.00	117.00	119.00	121.00	119.00	126.00	120.00	124.00	124.00	114.00	128.00	108.00	134.00	107.00	133.00	105.00	131.00	106.00	129.00	111.00	129.00	122.00	131.00	124.00	130.00	121.00	127.00	110.00	124.00	107.00	123.00	107.00	126.00	
209.00	104.00	214.00	104.00	213.00	102.00	214.00	106.00	216.00	105.00	215.00	103.00	212.00	98.00	216.00	98.00	222.00	96.00	220.00	99.00	210.00	101.00	204.00	106.00	204.00	104.00	202.00	101.00	201.00	97.00	205.00	97.00	215.00	97.00	216.00	95.00	211.00	89.00	198.00	85.00	195.00	82.00	193.90	86.14	
39.00	192.00	45.00	192.00	49.00	194.00	53.00	199.00	58.00	200.00	62.00	199.00	63.00	197.00	68.00	197.00	78.00	200.00	81.00	209.00	73.00	216.00	73.00	225.00	79.00	225.00	80.00	225.00	85.00	223.00	95.00	224.00	112.00	225.00	118.00	224.00	123.00	219.00	115.00	217.00	118.00	216.00	120.00	221.00	
148.00	32.00	152.00	31.00	150.00	32.00	152.00	37.00	154.00	37.00	153.00	35.00	149.00	32.00	154.00	31.00	158.00	31.00	155.00	35.00	144.00	38.00	138.00	45.00	138.00	44.00	135.00	42.00	136.00	40.00	141.00	42.00	150.00	43.00	153.00	43.00	147.00	39.00	135.00	36.00	132.00	34.00	133.00	39.00	
128.00	60.00	132.00	60.00	130.00	60.00	132.00	64.00	134.00	65.00	132.00	63.00	128.00	59.00	133.00	59.00	137.00	59.00	133.00	63.00	123.00	67.00	116.00	74.00	115.00	73.00	114.00	72.00	113.00	70.00	118.00	71.00	128.00	73.00	130.00	72.00	126.00	69.00	114.00	67.00	111.00	65.00	110.00	69.00	
117.00	66.00	123.00	67.00	120.00	66.00	121.00	70.00	124.00	72.00	123.00	70.00	119.00	67.00	123.00	66.00	127.00	67.00	123.00	71.00	112.00	75.00	106.00	82.00	105.00	82.00	103.00	80.00	103.00	78.00	108.00	80.00	117.00	82.00	120.00	81.00	115.00	78.00	103.00	76.00	100.00	74.00	100.00	79.00	
178.00	171.00	184.00	170.00	185.00	169.00	188.00	173.00	191.00	172.00	192.00	169.00	190.00	164.00	196.00	163.00	203.00	163.00	205.00	166.00	197.00	168.00	193.00	174.00	196.00	171.00	195.00	168.00	196.00	164.00	202.00	163.00	215.00	162.00	218.00	159.00	216.00	152.00	204.00	147.00	204.00	143.00	203.00	147.00	
288.00	156.00	293.00	155.00	292.00	151.00	292.00	154.00	293.00	152.00	291.00	148.00	288.00	140.00	292.00	141.00	298.00	137.00	296.00	137.00	286.00	137.00	279.00	141.00	280.00	136.00	276.00	132.00	274.00	127.00	277.00	125.00	286.00	123.00	286.00	120.00	280.00	111.00	266.00	106.00	263.00	100.00	260.00	104.00	
158.00	46.00	162.00	45.00	160.00	45.00	162.00	50.00	164.00	50.00	163.00	48.00	159.00	45.00	164.00	44.00	169.00	44.00	166.00	48.00	156.00	51.00	149.00	57.00	149.00	56.00	147.00	54.00	147.00	52.00	152.00	53.00	162.00	55.00	164.00	54.00	159.00	50.00	147.00	47.00	144.00	44.00	144.00	49.00	
147.00	55.00	151.00	54.00	149.00	54.00	152.00	59.00	153.00	59.00	152.00	57.00	148.00	54.00	153.00	53.00	158.00	53.00	155.00	57.00	144.00	60.00	138.00	67.00	137.00	66.00	136.00	64.00	136.00	62.00	140.00	63.00	150.00	65.00	153.00	64.00	148.00	60.00	135.00	57.00	133.00	55.00	133.00	60.00	
61.00	85.00	64.00	84.00	62.00	85.00	62.00	89.00	61.00	88.00	59.00	87.00	54.00	85.00	57.00	83.00	58.00	84.00	54.00	90.00	41.00	95.00	32.00	103.00	31.00	105.00	28.00	104.00	27.00	103.00	32.00	106.00	41.00	109.00	43.00	109.00	39.00	109.00	25.00	107.00	22.00	108.00	21.00	111.00	
127.00	16.00	132.00	15.00	129.00	16.00	131.00	21.00	133.00	21.00	132.00	20.00	127.00	17.00	133.00	16.00	136.00	16.00	133.00	21.00	121.00	24.00	115.00	31.00	114.00	31.00	112.00	29.00	111.00	27.00	117.00	30.00	127.00	32.00	129.00	31.00	123.00	28.00	111.00	26.00	108.00	25.00	109.00	30.00	
102.00	148.00	107.00	147.00	107.00	148.00	109.00	152.00	112.00	152.00	113.00	151.00	111.00	148.00	115.00	147.00	122.00	149.00	122.00	154.00	113.00	159.00	109.00	166.00	112.00	166.00	112.00	164.00	114.00	162.00	120.00	163.00	133.00	164.00	137.00	163.00	137.00	159.00	127.00	156.00	126.00	154.00	126.00	158.00	
14.00	165.00	20.00	165.00	22.00	168.00	26.00	173.00	29.00	174.00	31.00	174.00	31.00	173.00	36.00	171.00	43.00	176.00	44.00	185.00	35.00	192.00	32.00	202.00	36.00	205.00	38.00	204.00	42.00	202.00	52.00	204.00	67.00	207.00	74.00	207.00	77.00	206.00	69.00	204.00	71.00	204.00	74.00	210.00	
